#TITLE:Calamity Fortune;
#SUBTITLE:;
#ARTIST:LeaF;
#DESCRIPTION:;
#CREDIT:KaNa;
#MUSIC:song.wav;
#BANNER:jacket.png;
#BACKGROUND:bg.png;
#ILLUST:;
#DIFFICULTIES:0,0,0,0,30;
#SAMPLESTART:102;
#SAMPLELENGTH:19;
#OFFSET:0;
#BPMS:0.000=200;
#BASEBPM:200;
#SPEEDS:;
#BGCHANGES:;
#LASTSECONDHINT:137;
#CMOD:0;
#LUA:default.lua;
#VOLUME:-2000;
#NOTES:
    dankaglike:
    Lunatic:
    --------------------
    start sequence data
0000000
,
1000010
0000000
0010000
0001000
0000100
0000000
0100000
0000010
0010000
0000100
0001000
0010000
0100000
0010000
0001000
0000100
,
1100000
0001000
1010000
0000010
1100000
0001000
1010000
0000010
,
0F00F00
0000000
00F0000
0000000
F0000F0
0000000
000F000
0000F00
000F000
00F0000
0F00000
F000000
00000X0
0000000
0000000
0000000
,
11000Z0
0001000
1010000
0000010
1100000
0001000
1010000
0000010
,
1101000
0000000
0010100
0000000
1101010
0000000
0010100
0000000
Aa0X000
0000000
0000000
0000000
000Z000
0000000
Cc01000
0000100
,
1010010
0001000
1100100
0001000
1010010
0001000
1100100
0001000
,
1000110
0010000
0101010
0010000
1000110
0010000
0101010
0010000
,
A0000a0
0000000
0000000
C0110c0
0011000
0000000
0100100
0000000
00Aa000
0000000
0000000
0000000
10Cc010
0000000
0100100
0000000
,
F0FF0F0
0000000
F0FF0F0
0000000
F0FF0F0
0000000
0000000
0000000
X0FF0x0
0000000
0000000
0000000
Z1000z0
0010000
0001000
0000100
,
1010010
0000000
0001000
0000100
0100000
0001000
0000010
0000000
1010A00
0000000
0000Ca0
0000000
01010c0
0000100
0000010
0000100
,
1011000
0000000
0000010
0000100
0100000
0000010
0001000
0000000
1010A00
0000000
000aC00
0000000
010c010
0000100
0001000
0000100
,
1010010
0000000
0001000
0000100
0100000
0001000
0000010
0000000
1010A00
0000000
0000Ca0
0000000
01010c0
0000100
0001000
0010000
,
10000A0
0000000
000a0C0
0000000
010cA00
0000000
00a0C00
0000000
10c00A0
0000000
0001000
0000000
01000C0
0010000
0001000
0000100
,
1010010
0000000
0000100
0000010
0100000
0000100
0001000
0000000
10100A0
0000000
000a0C0
0000000
010c100
0000010
0000100
0001000
,
1010010
0000000
0000100
0001000
0100000
0000100
0000010
0000000
101A000
0000000
000C0a0
0000000
01001c0
0001000
0000100
0000010
,
1011000
0000000
0000100
0000010
0100000
0000100
0001000
0000000
10100A0
0000000
000a0C0
0000000
010c010
0000100
0010000
0000000
,
1010010
0000000
0001000
0010000
1001010
0000000
0100000
0000100
0010000
0001000
10000A0
0000000
0110000
0000000
1000000
0000000
,
001F0C0
0000000
0100F00
0000000
10000F0
0000000
000F000
0000000
0100F00
0000000
10000F0
0010000
100F000
0000000
0100F00
0000000
,
00000F0
0000000
010F000
0000000
1000F00
0010000
10000F0
0000000
001F000
0000000
001F000
0000000
A0000a0
0000000
0000000
0000000
,
C0F10c0
0000000
0F00100
0000000
F000010
0000000
00F0000
0000000
0F00100
0000000
F000010
0001000
00F0010
0000000
0F00100
0000000
,
F000000
0000000
00F0100
0000000
0F00010
0001000
F000010
0000000
00F1000
0000000
00F1000
0000000
F000010
0000000
0000000
0000000
,
1100000
0001010
0010000
0000100
1100000
0001010
0010000
0000100
0100000
0001000
1010000
0000110
0100000
0001000
1010000
0000110
,
0101000
0000000
0010010
0001000
0100000
0001000
1000010
0000000
0101000
0000100
0010000
0000000
0101010
0000000
1000100
0000000
,
0101000
0000000
0010010
0001000
0100000
0000100
1001000
0000000
0101000
0000100
0010000
0001000
0100110
0000000
1001000
0000000
,
0100100
0000000
0010010
0001000
0100000
0001000
1000010
0000000
0100100
0001000
0010000
0000000
0101010
0000000
1000100
0000000
,
0110010
0000000
0001000
0000000
1100100
0000000
0010000
0000000
0100100
0011000
0100100
0000000
1010010
0000000
0100100
0000000
,
1001010
0000000
0100100
0010000
0001000
0010000
0100100
0000000
1000010
0010000
0000100
0000000
0101000
0000000
0010100
0000000
,
1100010
0000000
0000100
0100000
0001000
0010000
0000100
0100000
1001010
0000000
0010000
0000000
0101010
0000000
1000100
0000000
,
0110010
0000000
0000000
1001100
1001100
0000000
0010010
0000000
0A00a00
0000000
0000000
0000000
1C01c00
0000000
0010010
0000000
,
1F01F00
0000000
1F01F00
0000000
1F01F00
0000000
0000000
0000000
AX0ax00
0000000
0000000
0000000
CZ1cz00
0000010
0100000
0001000
,
1000010
0010100
0101000
0010100
1000010
0010100
0101000
0010100
,
1000010
0000000
0011000
0100100
0011000
0000000
1000010
0000000
0AXxa00
0000000
0C00c00
0000000
F0Zz0F0
0000000
0000000
0000000
,
0100100
0010010
1001000
0010010
0100100
0010010
1001000
0010010
,
000FF00
000FF00
0000000
0FF0000
0000FF0
0000000
00FF000
0000000
FF00000
0000000
00000F0
0000F00
000F000
00F0000
0F00000
F000000
,
0011010
1000000
0010110
1000000
0011010
1000000
0010110
1000000
,
0010XA0
0000Z00
00000C0
0000000
001XA00
000Z000
0000C00
0000000
10XA000
00Z0000
000C000
0000000
1XA0000
0Z00000
00C0000
0000000
,
0100000
0000100
1000000
0001000
0100000
0000100
1000000
0001000
0010000
0000010
0100000
0000100
0010000
0000010
0100000
0000100
,
F0F0010
0000000
0F0F000
00F0F00
000F0F0
0000000
00F0F00
0F0F000
0000000
F0F0000
0000000
0F0F000
00F0F00
0000000
000F0F0
0000000
,
X000100
0000000
0000000
0000000
0000000
0000000
0000000
0000000
0000010
0000000
0000000
0000100
0000000
0000000
0001000
0000000
,
Z0100x0
0000000
0000000
0000000
0000000
0000000
0000000
0000000
1000000
0000000
0000000
0100000
0000000
0000000
0010000
0000000
,
X00A0z0
000Ca00
00A0c00
00Ca000
,
ZA0c0x0
0000000
0000000
0C000z0
,
1000010
0010000
0000100
0100000
0000010
0010000
0001000
1000000
0000110
0010000
0001000
1100000
0001000
0010000
0000110
0100000
,
0001010
1000000
0000100
0100000
0001000
0010000
0000010
1000000
0001100
1000000
0000010
0110000
0000010
1000000
0001100
0100000
,
0001010
0010000
0001000
0000100
1010000
0001000
0010000
0100000
0000110
0010000
0001000
0000100
1100000
0001000
0010000
0100000
,
1001010
0000000
0110010
0011000
1001100
0000000
1010010
0000000
,
1000010
0000000
0010000
0001000
0000100
0000000
0100000
0000010
0010000
0001000
0010000
0100000
1000000
0000000
0000000
0000000
,
1001000
0100100
0010010
1001000
0100100
0010010
1001000
0100100
0010010
0000100
1010000
0001000
0100100
0010000
0001010
0100000
,
0010010
0100100
1001000
0010010
0100100
1001000
0010010
0100100
1001000
0100000
0001010
0010000
0100100
0001000
1010000
0000100
,
1001000
0100100
0010010
1001000
0100100
0010010
1001000
0100100
0010010
0000100
1010000
0001000
0100100
0010000
0001010
1000000
,
0100100
0010000
1001000
0000100
0100010
0010000
1001000
0000100
0010010
0000100
1001000
0010000
0100100
0001000
0010010
0100000
,
1001000
0100100
0010010
1001000
0100100
0010010
1001000
0100100
0010010
0001000
0100100
0010000
1001000
0010000
0100100
0001000
,
0010010
0100100
1001000
0010010
0100100
1001000
0010010
0100100
1001000
0010000
0100100
0001000
0010010
0001000
0100100
0010000
,
1001000
0100100
0010010
1001000
0100100
0010010
1001000
0100100
0010010
0001000
0100100
0010000
1001000
0010000
0100100
0001000
,
0010010
0000100
1001000
0010000
0100100
0001000
0010010
0100000
1001000
0100000
0010010
0001000
0100100
0010000
1001000
0000100
,
0010010
0000000
0100100
0001000
1000010
0000000
0010100
0000000
0100010
0001000
1000100
0000000
0010010
0100000
1001000
0000000
,
0010010
0000000
0100100
0010000
1001000
0000000
0100010
0000000
1000100
0010000
0101000
0000000
0010010
0000100
1001000
0000000
,
0010010
0000000
0100100
0001000
1000010
0000000
0010100
0000000
0100010
0001000
1000100
0000000
0010010
0100000
1000100
0000000
,
1001000
0100000
0010100
0000000
0010010
0100000
1000100
0000000
0110010
0000000
1001000
0000000
0110100
0000000
1000010
0000000
,
0011000
0000000
0100100
0010000
1000010
0000000
0101000
0000000
1000100
0010000
0100010
0000000
1001000
0000100
0010010
0000000
,
1001000
0000000
0100100
0001000
0010010
0000000
1000100
0000000
0100010
0001000
0010100
0000000
1001000
0100000
0010010
0000000
,
1001000
0000000
0100100
0010000
1000010
0000000
0101000
0000000
1000100
0010000
0100010
0000000
1000100
0001000
0100010
0000000
,
0000000
0100010
0000000
0100010
0100100
0001000
A0a00F0
0000000
,
CXc0100
0000000
0000000
0000000
0000100
0000000
0000000
0000000
0000100
0000000
0000000
0000000
0Z00100
0000000
0001000
0100000
,
0000Aa0
0000Cc0
0000000
0000000
0000000
0000000
0000000
0000000
00Aa000
00Cc000
0000000
0000000
0000000
0000000
0000000
0000000
Aa00000
Cc00000
0000000
0000000
0000000
0000000
0000000
0000000
00000F0
0000000
0000000
0000000
0000000
0000000
0000000
0000000
,
0100100
0000000
0001000
0010000
1000010
0000000
0000100
0000000
0101000
0000000
00000A0
0000000
1000000
0000000
00100C0
0000000
,
AX0ax00
CZ0cz00
0000000
0000000
0000000
0000000
0000000
0000000
0XA0xa0
0ZC0zc0
0000000
0000000
0000000
0000000
0000000
0000000
AX0ax00
CZ0cz00
0000000
0000000
00000F0
0000000
0000000
0000000
00000F0
0000000
0000000
0000000
0100000
0010000
0001000
0000100
,
1000010
0010000
0000100
0100000
1001000
0000010
0001000
0100000
0000110
0010000
1000000
0010000
0000110
0100000
0001000
0000010
,
1001000
0100000
0000100
0010000
1000010
0010000
0000100
0100000
1001000
0000010
0001000
0100000
0000110
0010000
1000000
0010000
,
1000100
0100000
0001000
0000010
1001000
0100000
0000100
0010000
1000010
0010000
0000100
0100000
1001000
0000010
0001000
0100000
,
0000110
0010000
1000000
0010000
0000110
0100000
0001000
0000010
1001000
0100000
0000100
0010000
1000010
0010000
0000100
0100000
,
000F0F0
0000000
0000000
0000000
0000000
0000000
0100100
0000000
0010000
0000000
0001000
0000000
1000010
0000000
0000000
0000000
0000000
0000000
0000100
0000000
0000000
0001000
0000000
0000000
0A00000
0000000
0000000
0Ca0000
0000000
0000000
00cA000
0000000
0000000
000Ca00
0000000
0000000
A000c00
0000000
0000000
0000000
0000000
0000000
C000010
0000000
0000000
0000000
0000000
0000000
,
0F00F00
0000000
F0F0000
0F0F000
00F0F00
0000000
000F0F0
00F0F00
0000000
0F0F000
0000000
F0F0000
0F0F000
0000000
00F0F00
0000000
,
10000A0
0000000
0100000
0000000
0001000
0000000
0010000
0000000
0100100
0000000
0001000
0010000
1000000
0000000
0001000
0000000
,
1000000
0000000
0100000
0000000
0010000
0000000
0001000
0000000
0010000
0000000
0100000
0000000
1000000
0000000
0000000
0000000
0000000
0000000
0000100
0000000
0000000
0000000
0000000
0000000
0010000
0000000
0000000
1000000
0000000
0000000
0001000
0000000
0000000
0100000
0000000
0000000
0000100
0000000
0000000
0000000
0000000
0000000
0010000
0000000
0000000
0000000
0000000
0000000
,
1000000
0010000
0100000
0001000
1000100
0000000
0100000
0000000
0011000
0000000
0100000
0000000
1000100
0000000
0010000
0000000
,
01000C0
0000000
0010000
0000000
1000100
0000000
0010000
0001000
0000100
0001000
0010000
0100000
00000F0
0000000
0000000
0000000
,
1010000
0001100
0110000
0001010
1010000
0001100
0110000
0001010
1010000
0001100
0110000
0001010
F0F0000
0000000
0000000
0000000
,
0001010
0110000
0001100
1010000
0001010
0110000
0001100
1010000
0001010
0110000
0001100
1010000
000F0F0
0000000
0000000
0000000
,
1001010
0100000
0010000
0001000
0000100
0000010
F0F0000
0000000
0000000
0000000
0000000
0000000
1010010
0000100
0001000
0010000
0100000
1000000
000F0F0
0000000
0000000
0000000
0000000
0000000
,
F0F0000
0000100
0001000
0010000
0100000
0010000
000F0F0
0100000
0010000
0000FF0
0100000
0010000
000F0F0
0100000
0010000
0001000
0000100
0001000
F0F0000
0000100
0001000
0010000
0100000
0010000
,
000F0A0
0000000
0000000
0000000
01010C0
0000100
1010000
0000010
0101000
0010100
1000000
0010100
0101000
0000010
0101000
0010100
,
10000A0
0100000
0010000
0001000
0000XC0
0010000
0100000
1000000
000AZ00
0010000
0100000
1000000
00XC000
0000010
0000100
0001000
,
0AZ0000
0000000
0000000
0000010
0000000
0000000
0000100
0000000
0000000
0001000
0000000
0000000
XC00000
0000000
0000000
0000100
0000000
0000000
0001000
0000000
0000000
0010000
0000000
0000000
Z0000F0
0000000
0000F00
0000000
000F000
0000000
00F0000
0000000
0F00000
0000000
F000000
0000000
0F00000
0000000
00F0000
0000000
000F000
0000000
0000F00
0000000
00000F0
0000000
0000F00
0000000
,
101F000
0000000
0100010
0001000
1010000
0001000
0100010
0000000
1001000
0000000
0010100
0000000
1101000
0000000
0010010
0000000
,
1010100
0000000
0000000
0000000
0000000
0000000
0100010
0000000
0000000
0001000
0000000
0000000
1010000
0000000
0000000
0000000
0000000
0000000
0101000
0000000
0000010
0000000
0001000
0000000
1010000
0000000
0000000
0000000
0000000
0000000
0100100
0000000
0000000
0000000
0000000
0000000
1011000
0000000
0000000
0000000
0000000
0000000
0100010
0000000
0000000
0000000
0000000
0000000
,
1011000
0000000
0100010
0001000
1010000
0001000
0100010
0000000
1001000
0000000
0010100
0000000
1001010
0000000
0010100
0000000
,
1001000
0000000
0000000
0F00010
00F0000
000F000
1000F00
0000000
0000000
1000F00
000F000
00F0000
0F00010
0000000
0000000
0F00010
00F0000
000F000
1000F00
0000000
0000000
0011000
0000000
0000000
,
0100010
0000000
1000100
0010000
0001010
0010000
1000100
0000000
0010010
0000000
0101000
0000000
0010110
0000000
1001000
0000000
,
0101010
0000000
0000000
0000000
0000000
0000000
1000100
0000000
0000000
0010000
0000000
0000000
0001010
0000000
0000000
0000000
0000000
0000000
0010100
0000000
1000000
0000000
0010000
0000000
0001010
0000000
0000000
0000000
0000000
0000000
0100100
0000000
0000000
0000000
0000000
0000000
0011010
0000000
0000000
0000000
0000000
0000000
1000100
0000000
0000000
0000000
0000000
0000000
,
0100010
0000000
1000100
0010000
0001010
0010000
1000100
0000000
0010010
0000000
0101000
0000000
1000110
0000000
0011000
0000000
,
0F00F00
00F00F0
0F00F00
0000000
F00F000
0000000
0F00F00
00F00F0
0000000
0F00F00
0000000
F00F000
0F00F00
0000000
00F00F0
0000000
,
1000100
0100000
0001000
1000000
0010010
0000100
0100000
0001000
1000010
0010000
0000100
0100000
1001000
0000010
0100000
0001000
,
0010010
0000000
0000000
1000000
0000000
0000000
0001000
0000000
0000000
0100000
0000000
0000000
1000010
0000000
0000000
0010000
0000000
0000000
0000100
0000000
0001000
0000000
0010000
0000000
0100010
0000000
0000000
0001000
0000000
0000000
1000000
0000000
0000000
0000100
0000000
0000000
0100010
0000000
0000000
0001000
0000000
0000000
1000000
0000000
0000000
0000100
0000000
0000000
,
0100010
0001000
1000000
0000100
1000010
0010000
0000100
0100000
1000010
0001000
0100000
0000100
1001000
0000010
0100000
0000100
,
1010000
0000000
0000000
0000010
0000000
0000000
0001000
0000000
0010000
0000000
0100000
0000000
0001010
0000000
0000000
1000000
0000000
0000000
0010000
0000000
0001000
0000000
0000100
0000000
1010000
0000000
0000000
0000010
0000000
0000000
0001000
0000000
0010000
0000000
0100000
0000000
0001010
0000000
0000000
1000000
0000000
0000000
0010000
0000000
0000000
0000100
0000000
0000000
,
1101000
0000010
0001000
0100000
0000110
0010000
1000000
0010000
0000110
0100000
0001100
1000000
0011000
0000010
0110000
0000100
,
1101000
0000010
0001000
0100000
0000110
0010000
1000000
0010000
0000110
1000000
0001100
0100000
0011000
0000100
0110000
0000010
,
1100000
0001100
1010000
0001010
0110000
0000110
1010000
0001010
1100000
0001100
1010000
0001010
0110000
0000110
1010000
0001010
,
0F00F00
00FF000
0F00F00
0000000
F0FF0F0
0000000
0F00F00
0F00F00
0000000
F0FF0F0
0000000
0F00F00
00FF000
0000000
FF00FF0
0000000
,
001A000
0000000
0000000
0100000
0000000
0000000
1000000
0000000
0010000
0000000
0100000
0000000
0010000
0000000
1000000
0000000
,
001Ca00
0000000
0000000
0100000
0000000
0000000
1000000
0000000
0010000
0000000
0100000
0000000
0010000
0000000
1000000
0000000
,
0010cA0
0000000
0000000
0100000
0000000
0000000
1000000
0000000
0010000
0000000
0100000
0000000
0010000
0000000
1000000
0000000
,
000X000
00xZ000
0Xz0000
xZ00000
,
z0a0XC0
0000000
0000000
0000Z10
0000100
0001000
0000100
0000010
,
0Ac1000
0000000
0000000
0000100
0001000
0000000
0000010
0000000
0001000
0000000
0000100
0000000
0001000
0000000
0000010
0000000
,
XC00100
0010000
0000100
0010000
0001000
0100000
0001000
0100000
0000100
0010000
0000100
0010000
0001000
0100000
0001000
0100000
,
Z0000F0
0000000
0000100
0000000
0001000
0000000
0010000
0000000
0000000
0001000
0000000
0000000
F000000
0000000
0100000
0000000
0010000
0000000
0001000
0000000
0000000
0010000
0000000
0000000
00000F0
0000000
0000100
0000000
0001000
0000000
F000000
0000000
0100000
0000000
0010000
0000000
00000F0
0000000
0000100
0000000
0001000
0000000
F000000
0000000
0100000
0000000
0010000
0000000
,
000AXa0
,
0000000
,
0000000
,
000CZc0
;
