#TITLE:ナイト・オブ・ナイツ (Hige Driver Remix);
#SUBTITLE:;
#ARTIST:ヒゲドライバー;
#DESCRIPTION:;
#CREDIT:KaNa;
#MUSIC:song.wav;
#BANNER:jacket.jpg;
#BACKGROUND:bg.png;
#ILLUST:;
#DIFFICULTIES:0,0,0,0,30;
#SAMPLESTART:29.33;
#SAMPLELENGTH:21.327;
#OFFSET:0;
#BPMS:0.000=180;
#BASEBPM:180;
#SPEEDS:;
#BGCHANGES:;
#LASTSECONDHINT:0;
#CMOD:0;
#LUA:default.lua;
#VOLUME:-2000;
#NOTES:
    dankaglike:
    Lunatic:
    --------------------
    start sequence data
0000000
,
0A00000
0000000
0000000
0C00a00
0000000
0000000
A000c00
0000000
0000000
00000a0
0000000
0000000
,
0000100
0001000
0010000
0100000
0000100
0001000
0010000
0100000
0000100
0001000
0010000
0100000
0000100
0001000
0010000
0100000
,
0000100
0001000
0010000
0100000
0000100
0001000
0010000
0100000
0000100
0001000
0010000
0100000
0000100
0001000
0010000
0100000
,
C0FF0c0
,
0000000
,
1000000
0000000
0000100
0000000
0010000
0001000
0000000
0100000
0000000
0000010
0000000
0001000
0000100
0001000
0010000
0100000
,
0000000
1000000
0001000
0000000
0100000
0000100
0000000
1000000
0000000
0010000
0000000
0000100
0100000
0000000
0001000
0000000
,
0000010
0000000
0100000
0000000
0001000
0010000
0000000
0000100
0000000
1000000
0000000
0001000
0000100
0001000
0010000
0100000
,
0000000
0000010
0010000
0000000
0000100
0100000
0000000
0000010
0000000
0001000
0000000
0100000
0000100
0000000
0010000
0000000
,
1000010
0000000
0000010
0000000
0100100
0001000
0000000
0000010
0010000
0000010
0000000
0100100
0011000
0000000
1000010
0000000
,
0100100
0001000
0000100
0000000
1000010
0001000
0000000
0000100
0100000
0000010
0000000
0011000
0100100
0000000
0011000
0000000
,
1000010
0000000
1000000
0000000
0100100
0010000
0000000
1000000
0001000
1000000
0000000
0100100
0011000
0000000
1000010
0000000
,
0100100
0010000
0100000
0000000
1000010
0010000
0000000
0100000
0000100
1000000
0000000
0011000
0100100
0000000
0011000
0000000
,
1000F10
0000000
0010000
0000000
1001000
0000010
00F0000
0000100
1000000
0001000
0000000
0000010
10F0000
0001000
0000100
0001000
,
10F0000
0000100
0100010
0000000
1001000
0000010
000F000
0010000
1000000
0000100
0000000
0001000
1F00100
0000000
0001010
0000000
,
10F0100
0000000
0001000
0000000
1100000
0000010
00F0000
0000100
1000000
0001000
0000000
0000010
10F0000
0001000
0000100
0001000
,
1F00000
0000100
0010010
0000000
1000010
0001000
0000F00
0010000
1000000
0001000
0000000
0000100
10F0010
0000000
0100100
0000000
,
100F0A0
1000000
0010F00
0010000
010F000
0100000
F001000
0001000
,
a010FC0
0010000
0F00100
0000100
00010F0
0001000
00F0010
0000010
,
c001100
0100000
0001100
0100000
0001100
0100000
0001100
0100000
0001010
1000000
0001010
1000000
0001010
1000000
0001010
1000000
,
00F0F00
0000000
0000000
0000000
0F0F000
0000000
0000000
0000000
F0F0010
0001000
0100000
0001000
A0a0010
0000000
0000000
0000000
,
C1c0010
0000000
1000100
0000000
0100000
0001000
1000100
0000000
0010010
0000000
1001000
0000000
0000100
0100000
0001000
0100000
,
1000100
0000000
0000000
0000000
0000000
0000000
0100010
0000000
0000000
0000000
0000000
0000000
0001000
0000000
0000000
0010000
0000000
0000000
0100010
0000000
0000000
0010000
0000000
0000000
1001000
0000000
0000000
0000000
0000000
0000000
0000100
0000000
0001000
0000000
0010000
0000000
0100000
0000000
0000000
0000000
0000000
0000000
1001000
0000000
0000000
0000000
0000000
0000000
,
0100010
0000000
1000100
0000000
0001000
0010000
0100100
0000000
0010010
0000000
1001000
0000000
0010000
0000010
0001000
0100000
,
1000100
0000000
0100010
0000000
0010000
0001000
0100010
0001000
00A0000
0000000
a0C0100
0000000
c00A000
0000000
0a0C010
0000000
,
0c00010
0000000
1000100
0000000
0100000
0001000
1000100
0000000
0010010
0000000
1001000
0000000
0000100
0100000
0001000
0010000
,
1000100
0000000
0000000
0000000
0000000
0000000
0100010
0000000
0000000
0000000
0000000
0000000
0000100
0000000
0000000
1000000
0000000
0000000
0011000
0000000
0000000
1000000
0000000
0000000
0000100
0000000
0000000
0000000
0000000
0000000
0000010
0000000
0001000
0000000
0010000
0000000
1000000
0000000
0000000
0000000
0000000
0000000
0100100
0000000
0000000
0000000
0000000
0000000
,
00FF000
0000000
0100010
0000100
1001000
0000000
0100100
0000000
00FF000
0000000
1000100
0100000
0010010
0000000
0100100
0000000
,
00FF000
0000000
0000000
0000000
0000000
0000000
1000010
0000000
0000000
0100100
0000000
0000000
0011000
0000000
0000000
0000000
0000000
0000000
0100100
0000000
0000000
0000000
0000000
0000000
00000F0
0000000
0000F00
0000000
000F000
0000000
00F0000
0000000
0000F00
0000000
000F000
0000000
00F0000
0000000
0F00000
0000000
000F000
0000000
00F0000
0000000
0F00000
0000000
F000000
0000000
,
0001010
0000000
0100100
0000000
1000000
0001000
0100010
0000000
0011000
0000000
1000100
0000000
0000010
0010000
1000000
0001000
,
0100100
0000000
0010010
0000000
1001000
0000010
0010000
0000010
100A000
0000000
010Ca00
0000000
00A0c00
0000000
10C00a0
0000000
,
00010c0
0000000
0100100
0000000
1000000
0001000
0100010
0000000
0010100
0000000
1000010
0000000
0001100
0100000
0010000
0001000
,
0000100
0000000
1010000
0000000
0000100
0010000
1001000
0010000
00000A0
0000000
010a0C0
0000000
000cA00
0000000
10a0C00
0000000
,
00c1010
0000000
0100100
0000000
0010000
0000100
0100010
0000000
0011000
0000000
1000100
0000000
0001000
0000010
1000100
0001000
,
0010000
0000000
0000000
0000000
0000000
0000000
0100100
0000000
0000000
0000000
0000000
0000000
0010000
0000000
0000000
0000100
0000000
0000000
1100000
0000000
0000000
0000100
0000000
0000000
0010000
0000000
0000000
0000000
0000000
0000000
0100010
0000000
0000100
0000000
0001000
0000000
0010000
0000000
0000000
0000000
0000000
0000000
1000100
0000000
0000000
0000000
0000000
0000000
,
00FF000
0000000
0000000
0000000
0000000
0000000
0100100
0000000
0000000
0010000
0000000
0000000
1000010
0000000
0000000
0000000
0000000
0000000
0100100
0000000
0000000
0000000
0000000
0000000
00FF000
0000000
0000000
0000000
0000000
0000000
0100010
0000000
0000100
0000000
0001000
0000000
1010000
0000000
0000000
0000000
0000000
0000000
0100100
0000000
0000000
0000000
0000000
0000000
,
10100A0
0000000
0001000
0000000
1010000
0000000
0001000
0000000
0010000
0000100
0010000
0000100
0100000
0001000
0100000
0001000
,
10000C0
0000000
0010000
0000000
0100000
0000000
0001000
0000000
0000010
0000000
0000000
0000100
0000000
0000000
0001000
0000000
,
0000000
0000000
0100000
0000000
0010000
0000000
0001000
0000000
0000100
0000000
0000000
0010000
0000000
0000000
1000000
0000000
,
0000000
0000000
0000100
0000000
0100000
0000000
0001000
0000000
0000010
0000000
0000000
0001000
0000000
0000000
0100000
0000000
,
0000000
0000000
1000000
0000000
0010000
0000000
0000100
0000000
0001000
0000000
0000000
0010000
0000000
0000000
0100000
0000000
,
0001000
00100A0
010a0C0
100c100
0001000
00100A0
010a0C0
100c100
,
0001000
0000000
00100A0
0000000
010a0C0
0000000
100c100
0000010
0000100
0001000
0010000
0100000
000A000
0000000
100C100
0000000
,
0001000
00100A0
010a0C0
100c100
0001000
00100A0
010a0C0
100c100
,
0001000
00100A0
010a0C0
100c100
0000000
0000000
0000000
0000000
,
01001A0
0000000
0000000
0010000
1001000
0000000
0000000
0001000
,
0a000C0
0000000
0001000
0000010
0001000
0000000
0000100
0000000
0011000
0000000
0000000
0000000
1000010
0000000
0000000
0000000
,
0c10A00
0000000
0000000
0001000
0100010
0000000
0000000
0010000
,
a001C00
0000000
0000010
0010000
0000010
0000000
0001000
0000000
0010000
0000000
0001010
0000000
0100000
0000000
0010100
0000000
,
c0000A0
0000000
0000F00
0010000
1001000
0000000
0000F00
0100000
,
10a00C0
0000000
0000100
0001000
0F00010
0000000
0000100
0000000
1001000
0000000
0000000
0000000
0F00010
0000000
0000000
0000000
,
00c0A00
0000000
000F000
0100000
1000010
0000000
000F000
0010000
,
F000C10
0F00000
00F0000
000F000
0000F00
000F000
00F0000
0F00000
00F0000
000F000
0000F00
00000F0
0000F00
000F000
00F0000
000F000
0000F00
000F000
00F0000
0F00000
00F0000
000F000
00F0000
0F00000
,
F000010
0000000
0001000
0000000
0100100
0000000
0010000
0001000
1000010
0010000
0001000
0000000
0100100
0000000
0010000
0000000
,
1000010
0000000
0001000
0001000
0100100
0000000
0010000
0001000
1000010
0010000
0001000
0000000
0100100
0000000
0001000
0000000
,
1000010
0000000
0010000
0000000
0100100
0000000
0001000
0010000
1000010
0001000
0010000
0000000
0100100
0000000
0001000
0000000
,
1000010
0000000
0010000
0010000
0100100
0000000
0001000
0010000
1000010
0001000
0010000
0000000
0100100
0000000
0010000
0000000
,
1000100
0000000
0001000
0000000
0100010
0000000
0010000
0001000
1000100
0001000
0010000
0000000
0100010
0000000
0001000
0000000
,
1000100
0000000
0001000
0001000
0100010
0000000
0010000
0001000
1000100
0001000
0010000
0000000
0100010
0000000
0010000
0000000
,
1000100
0000000
0001000
0000000
0100010
0000000
0010000
0001000
1000100
0001000
0010000
0000000
0100010
0000000
0001000
0000000
,
10000F0
0000F00
000F000
00F0000
0F00000
F000000
0F00000
00F0000
000F000
0000F00
000F000
00F0000
0F00000
00F0000
000F000
0000F00
00000F0
0000F00
000F000
00F0000
0F00000
F000000
0F00000
00F0000
,
000F0A0
0000000
0100000
0000000
0010000
0000000
1000000
0010000
,
0000000
0010000
0000100
0000000
0100000
0000000
0001000
0000000
,
a0100C0
0000000
0000100
0000000
0001000
0000000
0000010
0001000
,
cA00000
0001000
1000000
0000000
0000100
0000000
0010000
0001000
,
XC000x0
0000000
0001000
0000000
0100000
0000000
0000100
0010000
,
0000000
0100000
0001000
0000000
0010000
0000000
0001000
0000000
,
01Aa000
0000000
0000100
0000000
0100000
0000000
Z0Cc1z0
0000100
,
0FF0000
0000000
0000000
00FF000
0000000
0000000
000FF00
0000000
0000000
A0000a0
0000000
0000000
,
C1000c0
0001000
0100000
0001000
0010000
0000100
0010000
0000100
,
0001000
0000000
0000000
0000000
0000000
0000000
0000000
0000000
0000000
0000000
0000000
0000000
0000000
0000000
0000000
0000010
0000000
0000000
0000000
0000000
0000000
0000000
0000000
0000000
0000000
0000000
0000000
0000000
0000000
0000000
0001000
0000000
0000000
0000000
0000000
0000000
0000000
0000000
0000000
0000000
0000000
0000000
0000000
0000000
0000000
0000010
0000000
0000000
0000000
0000000
0000000
0000000
0000000
0000000
0000000
0000000
0000000
0000000
0000000
0000000
0100000
0000000
0000000
0000000
0000000
0000000
0000000
0000000
0000000
0000000
0000000
0000000
0000000
0000000
0000000
0000100
0000000
0000000
0000000
0000000
0001000
0000000
0000000
0000000
0000000
0010000
0000000
0000000
0000000
0000000
0100000
0000000
0000000
0000000
0000000
0000000
0000000
0000000
0000000
0000000
0000000
0000000
0000100
0000000
0000000
0000000
0000000
0000000
0000000
0000000
0000000
0000000
0000000
0000000
0000000
0000000
0000000
0000000
0000000
0000000
,
1000000
0010000
1000000
0010000
0100000
0001000
0100000
0001000
,
0010000
0000100
0010000
0000100
0A00000
0Ca0000
00cA000
000Ca00
,
1000c00
0001000
1000000
0001000
0100000
0000100
0100000
0000100
,
0010000
0000000
0000000
0000010
0000000
0000000
0010000
0000000
0000000
0000010
0000000
0000000
1000000
0000000
0000000
0000100
0001000
0010000
0100000
0000000
0000000
0000010
0000000
0000000
,
A000000
0000000
C001000
0100000
0001000
0000000
0010000
0000000
0A00000
0000000
0C00100
0010000
0000100
0000000
0001000
0000000
,
00A0000
0000000
00C0010
0001000
0000010
0000000
0000100
0000000
000A000
0000000
0000000
0000000
FFFC000
0000000
0000000
0000000
,
10A0000
0000000
00C00a0
0000000
10010c0
0010000
0000100
0000000
10000A0
0000000
00a00C0
0000000
10c0100
0001000
0010000
0100000
,
000A010
0000000
a00C000
0000000
c000010
0001000
0100000
0001000
A000010
0000000
C00a000
0000000
0A0c010
0000000
0C00a00
0000000
,
10A0c00
0000000
00C00a0
0000000
10010c0
0010000
0000100
0000000
10000A0
0000000
00a00C0
0000000
10c0100
0001000
0010000
0100000
,
000A010
0000000
a00C000
0000000
c000010
0001000
0100000
0001000
A000010
0000000
C00a000
0000000
0A0c010
0000000
0C00a00
0000000
,
1001c00
0000000
1010000
0000000
1001000
0000100
1001000
0000000
1000010
0000000
1001000
0000000
1000010
0000100
1001000
0010000
,
0100010
0000000
0000000
0000000
0000000
0000000
0001010
0000000
0000000
0000000
0000000
0000000
1000010
0000000
0000000
0010000
0000000
0000000
1000010
0000000
0000000
0010000
0000000
0000000
0100010
0000000
0000000
0000000
0000000
0000000
0001010
0000000
0010000
0000000
0100000
0000000
1000010
0000000
0000000
0000000
0000000
0000000
0010010
0000000
0000000
0000000
0000000
0000000
,
1000100
0100000
0001010
0010000
1000100
0001000
0100010
0010000
1000100
0100000
0001010
0010000
1000100
0001000
0100010
0010000
,
F00F000
0000000
0000000
0000000
F00F000
0000000
0000000
0000000
F00F000
0000000
0010010
0010010
F00F000
0000000
0000000
0000000
,
0011010
0000000
0100100
0000000
1001000
0000100
0100010
0000000
1010100
0000000
0101000
0000000
0010010
0100000
1000100
0001000
,
0010010
0000000
0000000
0000000
0000000
0000000
0100100
0000000
0000000
0000000
0000000
0000000
1001000
0000000
0000000
0000100
0000000
0000000
0100010
0000000
0000000
0010000
0000000
0000000
1001000
0000000
0000000
0000000
0000000
0000000
0100010
0000000
0000100
0000000
0001000
0000000
0010000
0000000
0000000
1000000
0000000
0000000
0101010
0000000
0000000
0000000
0000000
0000000
,
1010100
0000000
0101000
0000000
0010010
0100000
1000100
0000000
0101010
0000000
0010100
0000000
1001000
0000100
0100010
0010000
,
1001000
0000000
0100100
0000000
0010010
0100000
1000100
0001000
00100A0
0000000
10010C0
0000000
0010A00
0100000
1001C00
0000000
,
0100100
0000000
0010010
0000000
1001000
0100000
0010010
0000000
0100100
0000000
1001000
0000000
0010010
0000100
1001000
0010000
,
0100010
0000000
0000000
0000000
0000000
0000000
0011000
0000000
0000000
0000000
0000000
0000000
1000100
0000000
0000000
0100000
0000000
0000000
0010010
0000000
0000000
0001000
0000000
0000000
0100100
0000000
0000000
0000000
0000000
0000000
0001000
0000000
0010000
0000000
0100000
0000000
1000010
0000000
0000000
0001000
0000000
0000000
0100100
0000000
0000000
0000000
0000000
0000000
,
A000010
0000000
0100100
0001000
C010010
0000000
0100100
0000000
10000A0
0000000
0100100
0010000
10010C0
0000000
0100100
0000000
,
A0000a0
0000000
0000000
0000000
0000000
0000000
0011000
0000000
0000000
0100100
0000000
0000000
C0110c0
0000000
0000000
0000000
0000000
0000000
0100100
0000000
0000000
0000000
0000000
0000000
10000F0
0000000
0000F00
0000000
000F000
0000000
00F0000
0000000
0F00000
0000000
F000000
0000000
00000F0
0000000
0000F00
0000000
000F000
0000000
00F0000
0000000
0F00000
0000000
F000000
0000000
,
0010010
0001000
0100000
0000100
1000010
0001000
0100010
0010000
1000100
0001000
0100000
0000100
1000010
0010000
1001000
0000100
,
0101000
0000010
0001000
0010000
1000010
0001000
0100100
0001000
1000010
0010000
0001010
1000000
0100100
0001000
1010000
0000010
,
0100100
0010000
1000000
0001000
0100010
0010000
0100100
0001000
1000010
0010000
0001000
0010000
1000010
0001000
0100100
0010000
,
1000010
0000000
0000000
0001000
0000000
0000000
0100000
0000000
0000000
0000100
0000000
0000000
1000010
0000000
0000000
0010000
0000000
0000000
1000100
0000000
0000000
0010000
0000000
0000000
010F000
0000000
00000F0
0000000
0000F00
0000000
100F000
0000000
00F0000
0000000
0F00000
0000000
0000F00
0000000
000F000
0000000
00F0000
0000000
0F00010
0000000
F000000
0000000
00F0000
0000000
,
0101010
0000000
0010010
0000000
0101100
0010000
1000010
0000000
0101010
0000000
0010010
0000000
0101100
0010000
1000010
0010000
,
0101010
0000000
0000000
0000000
0000000
0000000
1001000
0000000
0000000
0000000
0000000
0000000
0100110
0000000
0000000
1000000
0000000
0000000
0011000
0000000
0000000
1000000
0000000
0000000
0101010
0000000
0000000
0000000
0000000
0000000
1001000
0000000
0100000
0000000
0010000
0000000
1000110
0000000
0000000
0000000
0000000
0000000
0101000
0000000
0000000
0000000
0000000
0000000
,
1000110
0010000
0001000
0100000
0000110
1000000
0011000
0000100
1100000
0001000
0010000
0000100
1100000
0000010
0011000
0100000
,
0000110
0000000
0000000
1010000
0000000
0000000
0000110
0000000
0000000
1010000
0000000
0000000
0001010
0000000
0000000
1100000
0000000
0000000
0001010
0000000
0000000
1100000
0000000
0000000
00000F0
0000000
0000F00
0000000
000F000
0000000
00F0000
0000000
0F0F000
0000000
F000F00
0000000
0F000F0
0000000
00F0F00
0000000
000F000
0000000
00F0000
0000000
0F00000
0000000
F000000
0000000
,
0000010
0000000
0010000
0000000
0001000
0010000
0001000
0000000
0000010
0000000
1000000
0000000
0001000
0010000
0001000
0010000
,
0000010
0000000
1000000
0000000
0001000
0010000
0001000
0010000
0000010
0000000
0001000
0010000
0100000
0000000
0000100
0000000
,
1000000
0000000
0001000
0010000
0001000
0000000
0100000
0000000
0000010
0000000
0010000
0001000
0010000
0000000
0000100
0000000
,
A000010
0001000
0000100
0010000
000a000
0000000
0000000
0000000
,
0000000
,
0000000
,
C00c000
;
