#TITLE:ñ]âeÇÃï˚èMSix;
#SUBTITLE:;
#ARTIST:Se-U-Ra;
#DESCRIPTION:;
#CREDIT:Matsusen;
#MUSIC:hakobune.wav;
#BANNER:;
#BACKGROUND:;
#ILLUST:;
#DIFFICULTIES:0,0,0,0,14;
#SAMPLESTART:0;
#SAMPLELENGTH:12;
#OFFSET:-0.06122449;
#BPMS:0.000=209;
#BASEBPM:209;
#SPEEDS:;
#BGCHANGES:;
#CMOD:0;
#LUA:;
#VOLUME:-2000;
#LANES:1,2,3,4,5;
#NOTES:
    dankaglike:
    Lunatic:
    --------------------
    start sequence data
0000000
,
00A0000
,
10C0000
0100000
0000100
0011000
0000000
1100000
0011000
0A00000
,
0000000
0000000
0C10000
0100000
0010000
0100000
0010000
0100000
0000100
0001000
0010000
0100000
#LANECHANGE:1,2,4,5/0.5;
100000X
0000000
0000000
0000000
,
110000Z
0110000
0001000
0110000
,
1100000
0110000
0001000
0110000
,
1100000
0110000
0001000
0110000
,
1001000
0010000
0010000
1001000
0100000
0100000
#LANECHANGE:1,3,5/0.5;
100100X
0000000
,
001000Z
0100000
1000000
0010000
0100000
1000000
0010000
0100000
1000000
0010000
0100000
1000000
,
#LANECHANGE:1,3,5,6/0.5;
000000X
#LANECHANGE:1,3,5,6,7/0.5;
0000000
#LANECHANGE:1,3,5,6,7,8/0.5;
0000000
0000000
,
00000AZ
0000000
0010000
0000000
a0000C0
0000000
0001000
0000000
c000010
0000100
0001000
0010000
0A00000
0000000
0000000
0000000
,
0C01000
1000000
0000100
0010000
00000A0
0000000
0100000
0000000
00100C0
0100000
0001000
0000100
0010000
0100000
0001000
0000100
,
1000000
0001000
0100000
0000000
0100000
0000100
0010000
0000000
0000010
0000100
0010000
0100000
0000100
0001000
0100000
1000000
,
0000A00
0010000
0010000
0010C00
,
010A000
010C000
10000A0
10010C0
,
1001100
0000000
0010000
0000000
0010000
0000000
0110010
0000000
0001000
0000000
0001000
0000000
1010000
0000000
0000110
0110000
,
0001000
0000000
1000000
0000000
0011100
0000000
1000000
0000000
0001000
0010000
0001000
0010000
#LANECHANGE:3,5,6,7/1;
100001X
0000000
0000000
0000000
,
010A00Z
0000000
100C000
00A0000
0100000
00C0000
100A000
0000000
,
010C000
00A0000
0100000
00C1000
1000000
000A000
0000000
0000000
,
a01C000
0000000
c001000
0A00000
0010000
0C00000
A001000
0000000
,
C010000
0A00000
0010000
1C00000
0001000
1000000
0A01000
0000000
,
#LANECHANGE:3,4,6,7/0;
#LANECHANGE:3,5,7/8;
0C0000X
,
0000000
,
001000Z
0010000
0010000
0010000
1000000
1000000
1000000
1000000
,
0100000
0100000
0100000
0100000
1010000
0100000
1010000
0100000
,
#LANECHANGE:2,5,8/0;
#LANECHANGE:1,3,4,6,7,9/2;
000000X
0000000
0000000
0000000
0000000
0000000
0000000
0000000
100000Z
0000000
0001000
0010000
0001000
0010000
0001000
0010000
,
1001000
0100000
0010100
0001000
0010010
0000100
0101000
0010000
,
A0000a0
0000000
0000000
0001000
0010000
0000100
0100000
0001000
0010000
C0001c0
0000000
0000000
,
1000A00
0010C00
010A000
000C010
00A0100
10C0000
0A00010
0C01000
,
0000000
0000000
0000000
0000000
0100000
0100000
0001000
0001000
,
0010000
0010000
0000100
0010010
0000000
0100100
0000000
1001000
,
00100A0
0001000
1000000
00100C0
100A000
001C000
00A0010
00C1000
,
0100100
0000000
0001000
0010000
0001000
0010000
0001000
0010000
0100100
0000000
1000010
0000000
0011000
0000000
0000000
0000000
,
000000X
0000000
0000000
0000000
110000Z
0001100
1100000
0011000
,
A000000
0000000
C010000
0001000
0A00000
0000000
0C01000
0000100
A000000
0000000
C010000
0001000
0A00000
0000000
0C01000
0000100
,
000000X
0000000
0000000
0000000
001100Z
0011000
0011000
0011000
,
A000000
0000000
0000000
0000000
C001000
0010000
0100000
1000000
0001000
0010000
0100000
1000000
00Aa000
0000000
0000000
0000000
,
10Cc00X
0000000
0000000
0000000
110000Z
0001100
1100000
0011000
,
A000000
0000000
C010000
0001000
0A00000
0000000
0C01000
0000100
A000000
0000000
C010000
0001000
0A00000
0000000
0C01000
0000100
,
000000X
0000000
0000000
0000000
001100Z
0011000
0011000
0011000
,
A000000
0000000
0000000
0000000
C001000
0010000
0100000
1000000
0001000
0010000
0100000
1000000
00Aa000
0000000
0000000
0000000
,
10Cc00X
,
0000000
0000000
0000000
101000Z
0000000
1010000
0000000
1010000
,
010000X
,
0000000
0000000
0000000
100100Z
0000000
1001000
0110000
0000000
,
1000000
0010000
1000000
0010000
1000000
0000000
0001000
0100000
0001000
0100000
0001000
0000000
1000000
0010000
1000000
0010000
,
1000000
0000000
0001000
0100000
0001000
0100000
000100X
0000000
0000000
0000000
00000F0
0000000
0000000
0000000
0000000
0000000
,
100000Z
0001000
1000000
0001000
1000000
0000000
0000010
0010000
0000010
0010000
0000010
0000000
1000000
0001000
1000000
0001000
,
A000000
0000100
C0000a0
0100000
A0000c0
0010100
C0000a0
0101000
,
00000c0
,
0001000
0000000
0010000
0000000
0001000
0010000
0001000
0010000
0001000
0010000
0001000
0010000
0001000
0010000
0001000
0010000
,
000100X
,
0000000
,
0000000
,
0000000
,
110100Z
0000000
0000000
0101100
0000000
0000000
1011000
0000000
,
0000000
0110A00
0000000
0000000
1000C00
0100000
0010000
0001000
,
0110100
0000000
0000000
1011000
0000000
0000000
0101100
0000000
,
0000000
0000000
A101000
0000000
0000000
0000000
0000000
0000000
C001000
0100000
0001000
0100000
0001000
0100000
0001000
0100000
,
0000A00
0a00C00
1c0A000
00aC000
,
A0c0000
C00a000
0A0c100
0Ca0000
,
10c0000
0100000
0010000
0100000
0010000
0001000
1000100
0001000
0010000
0001000
0010000
0100000
,
1000100
0101000
0010000
1000100
0101000
0010000
0101000
0010000
0101000
1000100
0101000
0010000
,
1000000
1000000
1000000
0100000
0100000
0100000
,
0010000
0010000
0010000
0001000
0001000
0001000
,
1000A00
0100000
0010000
0000000
0000000
0000000
0000000
0000000
1000000
0100000
0010000
0000000
0000000
0000000
0000000
0000000
0100000
0000000
0010000
0000000
0100000
0000000
0010000
0000000
0100000
0000000
0010000
0000000
0100000
0000000
0010000
0000000
,
0100C0X
0000000
0000000
0000000
0000000
0000000
0000000
0000000
001100Z
0000000
0000000
0100100
0000000
0000000
1000010
0000000
,
0A00100
0000000
0C01000
0010000
00000A0
0000000
10100C0
0000000
0001000
0010000
0001100
0000000
0100010
0000000
1000100
0000000
,
0010A00
0000000
1000C00
0000000
0A01000
0000000
0C00010
0000000
0001000
0100000
00000A0
00100C0
0000A00
0100C00
000A000
001C000
,
A000000
0000000
0010000
0001000
0000100
0000000
C000000
0100100
0000000
0010010
0000000
0100100
A000000
0000000
0001000
0010000
,
0001000
0000000
0000000
0000000
0000000
0000000
0001000
0000000
C001000
0000000
0001000
0000000
0100000
0010000
0001000
0000100
,
0A00010
0000000
0C01000
0010000
00000A0
0000000
10100C0
0000000
0001000
0010000
0001100
0000000
0100010
0000000
1000100
0000000
,
0010A00
0000000
1000C00
0000000
0A01000
0000000
0C00010
0000000
0001000
0100000
00000A0
00100C0
0000A00
0100C00
000A000
001C000
,
A000000
0000000
0000100
0010000
0000100
0000000
C0000a0
0000000
0100000
0001000
0100000
0000000
00100c0
0000000
1000100
0000000
,
0011000
0000000
0000000
0101100
0000000
0000000
1000110
0000000
0101000
0000000
0100010
0000000
001A000
0000000
0000000
0000000
,
a00C000
0000000
0001010
0001010
,
c100100
0000000
0001000
0010000
0100000
0000000
1001010
0000000
0010000
0001000
0010000
0001000
0010000
0001000
0010000
0001000
,
0100000
0000000
0000100
0001000
0A10000
0000000
0000000
0000010
0000000
0010000
0000000
0001000
0C00a00
0000000
0010000
0100000
,
A000c00
0000000
C010100
0100010
0010100
0101000
1000100
0100000
,
0001A00
0000000
0100C00
0010000
00010A0
0000000
10000C0
0000000
0001000
0100000
000A000
0000000
a00C010
0000000
0011000
0000000
,
c000A00
0000000
0011000
0000000
0a00C00
0000000
0011000
0000000
0c001A0
0000000
0000000
01a00C0
0000000
0000000
00c1100
0000000
,
1000010
1000010
1001000
1001000
0010010
0010010
1000010
1000010
,
1000A00
0100000
0010000
0000000
0000C00
0000000
0000000
0000000
0A00010
0000100
0001000
0000000
0C00000
0000000
0000000
0000000
0010000
0000000
0001000
0000000
0010000
0000000
0001000
0000000
0010000
0000000
0001000
0000000
0010000
0000000
0001000
0000000
,
010010X
0000000
0000000
0000000
110000Z
0001100
1100000
0011000
,
A000000
0000000
C010000
0001000
0A00000
0000000
0C01000
0000100
A000000
0000000
C010000
0001000
0A00000
0000000
0C01000
0000100
,
000000X
0000000
0000000
0000000
001100Z
0011000
0011000
0011000
,
A000000
0000000
0000000
0000000
C001000
0010000
0100000
1000000
0001000
0010000
0100000
1000000
00Aa000
0000000
0000000
0000000
,
10Cc00X
0000000
0000000
0000000
110000Z
0001100
1100000
0011000
,
A000000
0000000
C010000
0001000
0A00000
0000000
0C01000
0000100
A000000
0000000
C010000
0001000
0A00000
0000000
0C01000
0000100
,
000000X
0000000
0000000
0000000
001100Z
0011000
0011000
0011000
,
A000000
0000000
0000000
0000000
C001000
0010000
0100000
1000000
0001000
0010000
0100000
1000000
00Aa000
0000000
0000000
0000000
,
10Cc000
0010000
0100000
0010000
1000000
0000000
0001000
0100000
0010000
0100000
0001000
0000000
1000000
0010000
0100000
0010000
,
1000000
0000000
0001000
0100000
0010000
0100000
000100X
0000000
0000000
0000000
00000F0
0000000
0000000
0000000
0000000
0000000
,
100000Z
0001000
0010000
0001000
1000000
0000000
0000010
0010000
0001000
0010000
0000010
0000000
1000000
0001000
0010000
0001000
,
1000000
0000000
0000010
0010000
0001000
0010000
1100010
0000000
0000000
0000000
1101000
0000000
0000000
0000000
1100100
0000000
,
0000010
0000000
0000000
0000100
0000000
0000000
0001000
0000000
0000000
0010000
0000000
0000000
0000100
0000000
0000000
0001000
0000000
0000000
0010000
0000000
0000000
0100000
0000000
0000000
0001000
0000000
0000000
0000000
0010000
0000000
0000000
0000000
0100000
0000000
0000000
0000000
0010000
0000000
0000000
0000000
0100000
0000000
0000000
0000000
1000000
0000000
0000000
0000000
,
000Aa00
0000000
0000000
,
0000000
,
000Cc00
0000000
0000000
;
