#TITLE:スカーレット警察のゲットーパトロール24時（ちょこふぁん Eurobeat Mix）;
#SUBTITLE:;
#ARTIST:ちょこふぁん;
#DESCRIPTION:;
#CREDIT:KaNa;
#MUSIC:song.wav;
#BANNER:jacket.png;
#BACKGROUND:jacket.png;
#ILLUST:;
#DIFFICULTIES:0,0,0,0,29;
#SAMPLESTART:60.364;
#SAMPLELENGTH:25.22;
#OFFSET:0;
#BPMS:0.000=160;
#BASEBPM:160;
#SPEEDS:;
#BGCHANGES:;
#LASTSECONDHINT:0;
#CMOD:0;
#LUA:default.lua;
#VOLUME:-2000;
#NOTES:
    dankaglike:
    Lunatic:
    --------------------
    start sequence data
0000000
,
F0000F0
0000000
0010000
0000000
0100100
0000000
0000010
0010000
0000000
0000100
0100000
0000000
1000000
0010000
0000100
0100000
,
0001010
0000000
0010000
0000000
1000100
0000000
0100000
0000100
0000000
0010000
0000010
0000000
0100000
0000100
1010000
0000000
,
0001010
0000000
0100000
0000000
0010010
0000000
0000100
0100000
0000000
0001000
1000000
0000000
0000010
0001000
0100000
0000100
,
F0F0000
0000000
000F0F0
0000000
0100100
0011000
X0000A0
0000000
00100C0
0001000
Z000A00
0000000
0100C00
0001000
1000F00
0000000
,
1001000
0000000
0010010
0000000
1001000
0000000
0000100
0100000
0001000
1000000
0000110
0000000
0100000
0000100
0010000
1000000
,
0010010
0000000
1001000
0000000
0010010
0000000
0100000
0001000
0010000
0000100
1100000
0000000
0001000
0100000
0000110
0000000
,
1001000
0000000
0010010
0000000
1001000
0000000
0000010
0010000
0000100
0100000
0001010
0000000
0100000
0000100
0010000
1000000
,
0F01010
0000000
0F01010
0000000
1010F00
0000000
1010F00
0000000
0000000
0000000
F1001F0
0000000
0011000
0000010
0011000
0000010
,
F001000
0000010
0011000
0000010
1000000
0000000
0010010
0000100
1000000
0000000
0101010
0000000
1000100
0001000
0100000
0000000
,
1000100
0000000
0010010
0000000
1000100
0001000
0010000
0000100
1000000
0001000
0100010
0000000
1001000
0000100
0010000
0000000
,
1001000
0000000
0010010
0000000
1000100
0000000
0010010
0001000
1000000
0000000
0100110
0000000
1001000
0000100
0100000
0000000
,
1000010
0000000
0010100
0000000
1000010
0001000
0010000
0001000
1000010
0001000
0100000
0000000
1001000
0000010
0010000
0000000
,
1001000
0000000
0010010
0000000
1000100
0000000
0010010
0000100
1000000
0000000
0101010
0000000
1000100
0001000
0100000
0000000
,
1000100
0000000
0010010
0000000
1001000
0000000
0010010
0001000
1000000
0000000
0110100
0000000
1001000
0000100
0010000
0000000
,
A0000a0
0000000
0000000
0000000
0000000
0000000
0000000
0000000
0000000
0000000
0000000
0000000
C0000c0
0000000
0000000
0000000
0000000
0000000
1010000
0000000
0001000
0000000
0010000
0000000
0001010
0000000
0000000
0000000
0000000
0000000
0000000
0000000
0000000
0001010
0000000
0000000
0000000
0000000
0000000
0000000
0000000
0000000
0000100
0000000
0001000
0000000
0010000
0000000
,
01001F0
0000000
0000000
0000000
0000000
0000000
01000F0
0000000
0000000
0000000
0000000
0000000
1001F00
0000000
0000000
0000000
0000000
0000000
1000F00
0000000
0000000
0000000
0000000
0000000
0010000
0000000
0000000
0001000
0000000
0000000
1F00010
0000000
0000000
0000000
0000000
0000000
1000F10
0000000
0000000
0010000
0000000
0000000
0001000
0000000
0000000
0010000
0000000
0000000
,
1000010
0000000
0101000
0000100
1000000
0001000
0100010
0000000
1001000
0000000
0010010
0000000
1000100
0001000
0100000
0001000
,
1010010
0000000
0101000
0000010
0010000
0000000
0100010
0000000
0011000
0000010
1000100
0001000
0010010
0000000
0100100
0000000
,
1001010
0000000
0100000
0000100
0010000
0001010
0100000
0000100
1000000
0000000
0101010
0000000
1000100
0001000
0010000
0100000
,
0000010
0010000
0000100
0010000
0000010
0100000
0001000
0100000
0000000
0000010
0001000
0010000
1000000
0010000
0001000
0000010
,
1000100
0000000
0101000
0000010
1000000
0001000
0100100
0000000
1001000
0000000
0010010
0000000
1000100
0001000
0100000
0001000
,
1010010
0000000
0100100
0000010
0010000
0000000
0100100
0000000
0011000
0000010
1000100
0001000
0010010
0000000
0100100
0000000
,
1010010
0000000
0000100
0100000
0001000
1010000
0000100
0100000
0000010
0000000
1010100
0000000
0100000
0000100
0100000
0000100
,
1F10000
1010000
0000000
0001F10
0001010
0000000
1F10000
1010000
0000000
0000F10
01F0000
000F100
AX00000
0000000
0000000
0000000
,
CZ00010
0000000
0011000
0001000
0100000
0000000
0001100
0000100
1010000
0000000
0000110
0000010
0100000
0000000
0001000
0010000
,
1000010
0000000
0011000
0010000
0000100
0000000
0110000
0100000
0001010
0000000
1100000
1000000
0000100
0001000
0010000
0000000
,
10010F0
0000000
00100X0
0000000
010A000
0000000
0100000
0000000
a00C000
0000000
0001000
0010000
c0001Z0
0100000
0001000
0010000
,
F000010
0000000
0X00100
0001000
0000010
0000000
0Z00A00
0000000
0010000
1000000
0100C00
0000000
1000010
0010000
0000100
0100000
,
00010A0
0000000
0010000
0100000
0010000
0100000
0010aC0
0000000
1000000
0010000
1000000
0010000
100Ac00
0000000
0100000
0000100
,
00aC000
0000000
0000010
0001000
0000010
0001000
0Ac0010
0000000
0001000
0000100
0001000
0000100
aC01000
0000000
0010000
0000000
,
c001010
0000000
0100100
0000000
10100A0
0000000
0001000
0100000
00100C0
0001000
A000100
0000000
0010000
0001000
C000100
0000010
,
01F1000
0000000
0001F10
0000000
1F10000
0000000
001F100
0000000
0000000
10000F0
00F0000
000F000
X0000A0
0000000
0000000
0000000
,
Z1000C0
0010000
0001000
0000100
1000000
0010000
0001000
0000010
0100000
0010000
0001000
0000010
1000000
0010000
0001000
0000100
,
0100000
0010000
0000100
0000010
1000000
0100000
0001000
0000100
0100000
0010000
0001000
0000010
1000000
0010000
0001000
0000100
,
0F00000
0001000
0010000
0100000
0000F00
0010000
0001000
0000100
F000000
0000010
0001000
0100000
00000F0
1000000
0010000
0000100
,
F000010
0011000
10000F0
0000000
0100000
0010000
0001000
0000100
X0A0000
0000000
0000010
0000000
Z0C0100
0001000
0010000
0100000
,
0000110
0010000
1000000
0010000
0001010
0000000
0100100
0000000
0001010
0010000
0100000
0010000
0000110
1000000
0010000
1000000
,
0001100
0100000
0010000
0100000
0001010
0010000
1000000
0010000
0000110
0100000
0001000
0100000
0000110
1000000
0010000
0000100
,
0101000
0100000
00A00F0
0000000
a0C00F0
0000000
c0A00F0
0000000
a0C00F0
0000000
c0A00F0
0000000
F0C00F0
0100100
0011000
0100100
,
F0000F0
10FF010
0F11F00
10FF010
,
F1001F0
0000000
0001000
0000000
0F00010
0000000
0001000
0010000
1000100
0010000
0100000
0000000
000F010
0000000
0100100
0000000
,
1010010
0000000
0001000
0000000
0F00100
0000000
0001010
0010000
0000000
0001000
1010000
0000000
0100F00
0000000
0100100
0000000
,
1000010
0000000
0000100
0000000
0F00010
0000000
0010000
0001000
0100010
0001000
0000100
0000000
00100F0
0000000
1001000
0000000
,
0100010
0000000
0010000
0000000
0F00100
0001000
0010010
0000000
0100100
0010000
1001000
0000000
0100F00
0001000
0010010
0000000
,
1000100
0000000
0001000
0000000
0F00010
0000000
0001000
0010000
1000010
0001000
0010000
0000000
0100F00
0000000
0011000
0000000
,
1000010
0000000
0010000
0000000
0F00100
0000000
1010000
0000100
0000000
0100000
0001010
0000000
0100F00
0000000
1010000
0000000
,
0100010
0000000
0001000
0000000
F000100
0000000
0010000
0001000
1000010
0010000
0001000
0000000
0100F00
0000000
0010010
0000000
,
1000100
0001000
F0A0000
0000100
F0Ca000
0000010
F00cA00
0010000
,
F000Ca0
0000000
0010000
0000000
1000F00
0000000
00010c0
0100000
0000100
0010000
1000010
0000000
0F00100
0000000
0001000
0000000
,
10000A0
0000000
0010000
0000000
0100F00
0000000
0001000
0100000
0000000
0010000
1000000
0000000
0F001C0
0000000
0100100
0000000
,
A000010
0000000
0001000
0000000
00100F0
0000000
C000100
0100000
0001000
0010000
1000010
0000000
0F01000
0000000
A000100
0000000
,
0001000
0000000
0000010
0000000
0100F00
0010000
0001000
0000000
0010010
0001000
0000100
0000000
C00F000
0000100
0100010
0000000
,
100A000
0000000
0000100
0000000
0F00000
0000000
100C010
0010000
0000100
0010000
1000000
0000000
00100F0
0000000
1000100
0000000
,
00A1000
0000000
0100010
0000000
000F000
0000000
1000100
0000000
00C0010
0000000
0100100
0000000
F001000
0010000
0000100
0000000
,
0100010
0010100
10000F0
0A01000
0010010
0C00a00
F001000
0010c00
,
1F0F010
10F0F10
F1F0100
010F1F0
,
1001000
0000000
0100010
0000100
1000000
0000010
0101000
0000000
1000010
0000000
0011000
0000000
1000000
0001000
0100000
0000100
,
1010010
0000000
0101000
0000100
0010000
0000000
0100010
0000000
0011000
0000100
1001000
0010000
0100010
0000000
0011000
0000000
,
1000110
0000000
0010000
0000100
0100000
0001010
0100000
0000100
0010000
0000000
1001010
0000000
0100100
0010000
0001000
0010000
,
1000100
0001000
0010000
0001000
0100010
0001000
0010000
1000100
0000000
0100010
0010000
0001000
1000100
0001000
0010000
0100000
,
1000100
0000000
0100010
0001000
1000000
0000010
0100100
0000000
1000010
0000000
0011000
0000000
1000010
0001000
0100000
0000100
,
1010010
0000000
0100100
0001000
0010000
0000000
1000010
0000000
0100100
0010000
1001000
0000100
0010010
0000000
0100100
0000000
,
1010010
0000000
0001000
0100000
0000100
1010000
0000100
0100000
0001000
0000000
1010010
0000000
0000100
0100000
0000100
0100000
,
0001F10
0000100
0000000
1F10000
0100000
0000000
0001F10
0000100
0000000
10F0000
010F000
00F0100
000X0A0
0000000
0000000
0000000
,
a00Z0C0
0000000
0000100
0000000
0010000
0000000
0000100
0001000
0000000
0000000
0010010
0000000
0000000
0000000
0100100
0000000
,
c0000A0
0000000
0100000
0000000
0001000
0000000
0100000
0010000
0000000
0000000
0100100
0000000
0000000
0000000
1001000
0000000
,
0a000C0
0000000
0000100
0000000
0010000
0000000
0000100
0001000
0000000
0000000
0010010
0000000
0000000
0000000
1001000
0000000
,
0c00A00
0000000
0100000
0000000
0001000
0000000
0100000
0010000
0000000
0000000
1001000
0000000
0000000
0000000
0010010
0000000
,
0100C00
0000000
0001000
0000000
1000010
0000000
0010000
0001000
0000100
0001000
0010000
0000000
1000010
0000000
0001000
0000000
,
0100100
0000000
0010000
0000000
1000010
0000000
0001000
0010000
0100000
0010000
0001000
0000000
1000010
0000000
0010000
0000000
,
0100100
0000000
0001000
0000000
1000010
0000000
0010000
0001000
0000100
0001000
0010000
0000000
1000010
0000000
0001000
0000000
,
01F0010
0000000
01F0010
0000000
100F100
0000000
100F100
0000000
0000000
0100010
0001000
0010000
F000A00
0000000
F000000
0000000
,
10F0C00
0000000
0001000
0001000
F000010
0000000
0000100
0000100
10F0000
0000000
0100000
0100000
000F010
0000000
0010000
0010000
,
10000F0
0000000
0001000
0001000
F000100
0000000
0100000
0100000
00100F0
0000000
0000100
0000100
F001000
0000000
0010000
0010000
,
10000F0
0001000
0100000
0100000
000F010
0100000
0000100
0010000
F000010
0010000
0000100
0000100
10F0000
0000100
0100000
0001000
,
10000F0
0000000
0000000
0010000
0000000
0000000
0000100
0000000
0000000
0010000
0000000
0000000
F000010
0000000
0000000
0001000
0000000
0000000
0100000
0000000
0000000
0001000
0000000
0000000
10000F0
0000000
0010000
0000000
0001000
0000000
0000100
0000000
0001000
0000000
0010000
0000000
X0000A0
0000000
0000000
0000000
0000000
0000000
0000000
0000000
0000000
0000000
0000000
0000000
,
Z0010C0
0000000
0101000
0000000
0001000
0000000
1000000
0001000
0000000
0001000
0100000
0001000
0000000
0000000
1001000
0000000
,
0000100
0000000
0100100
0000000
0000100
0000000
1000000
0000100
0000000
0000100
0010000
0000100
0000000
0000000
0100100
0000000
,
0000010
0000000
0010010
0000000
0000010
0000000
0100000
0000010
0000000
0000010
0010000
0000010
0000000
0000000
0100010
0000000
,
F0100A0
0001000
0100000
0001000
F010000
0000100
0100000
0000100
F010000
0001000
0100000
0001000
F010000
0000100
0100000
0000100
,
10100C0
0000000
0001000
0000000
1000010
0000000
0000100
0010000
0100000
0010000
0000100
0000000
1001000
0000000
0000010
0000000
,
0100100
0000000
0010000
0000000
1000010
0000000
0001000
0000100
0100000
0000100
0001000
0000000
1000010
0001000
0010010
0000000
,
0100100
0000000
0001000
0000000
1000010
0000000
0000100
0010000
0100000
0010000
0000100
0000000
1001000
0000000
0000010
0000000
,
0101000
0000000
0000100
0000000
1010000
0000010
0001000
0000000
0100100
0000000
0010000
0000000
1000010
0000000
0001000
0000000
,
0100100
0000000
0010000
0000000
1000010
0000000
0000100
0001000
0100000
0001000
0000100
0000000
1010000
0000000
0000100
0000000
,
0100010
0000000
0001000
0000000
1000100
0000000
0000010
0001000
0100000
0001000
0000010
0000000
1000100
0010000
1001000
0000000
,
0100010
0000000
0001000
0000000
1000100
0000000
0001000
0000010
0100000
0000010
0001000
0000000
1000100
0000000
0001000
0000000
,
0100010
0001000
1000100
0010000
0100010
0001000
1000100
1001010
,
0000000
0000000
0000000
0X00000
0Z00000
0000000
0000X00
0000Z00
0000000
0X00000
0Z00000
0000000
0000000
0000000
0000000
0000000
,
0000000
,
0000000
0000000
0000000
0000000
0000000
0000000
0000000
0000000
0000000
0000000
0000000
0000000
0000000
0000000
0000000
X1Aa1x0
0000000
0000000
0000000
0000000
0000000
0000000
0000000
0000000
,
0000000
,
0000000
,
0000000
0000000
0000000
0000000
0000000
0000000
0000000
0000000
0000000
00000z0
000c000
00C0000
Z000000
0000000
0000000
0000000
0000000
0000000
0000000
0000000
0000000
0000000
0000000
0000000
;
