#TITLE:Non-Melodic Ragez;
#SUBTITLE:;
#ARTIST:Normal1zer;
#DESCRIPTION:;
#CREDIT:Matsusen;
#MUSIC:[Phigros] Non-Melodic Ragez (MUG Edit) - Normal1zerÅyâπåπÅz ÅyçÇâπéøÅz.wav;
#BANNER:;
#BACKGROUND:;
#ILLUST:;
#DIFFICULTIES:0,0,0,0,13;
#SAMPLESTART:0;
#SAMPLELENGTH:12;
#OFFSET:-0.08122917;
#BPMS:0.000=205;
#BASEBPM:205;
#SPEEDS:;
#BGCHANGES:;
#CMOD:0;
#LUA:;
#VOLUME:-2000;
#NOTES:
    dankaglike:
    Lunatic:
    --------------------
    start sequence data
0000000
,
0000000
,
0000000
,
0000000
,
0000000
,
0000000
,
0000000
,
0000000
,
0000000
,
0000000
,
0101000
0000000
1000000
0000000
0110000
0000000
0011000
1000000
,
0110000
0001000
1100000
0010000
010A000
0000000
100C000
0010000
,
0101000
0000000
1000000
0000000
0110000
0000000
0011000
1000000
,
0110000
0001000
1100000
0010000
010A000
0000000
100C000
0100000
,
1010000
0000000
0001000
0000000
0110000
0000000
1100000
0001000
,
0110000
1000000
0011000
0100000
A010000
0000000
C001000
0100000
,
1010000
0000000
0001000
0000000
0110000
0000000
1100000
0001000
,
0110000
1000000
0011000
0100000
A010000
0000000
C001000
0000000
,
A0010a0
0000000
0000000
0000000
C1000c0
0010000
0001000
0000100
A0000a0
0000000
0000000
0000000
C0001c0
0001000
0010000
0100000
,
A000000
0000100
C0000a0
0100000
00A00c0
0000100
00Ca000
0100000
,
A00c000
0000000
0010000
0000000
0000110
0000100
0010000
0001000
,
C00a000
010c000
00A0000
00C0100
000A000
100C000
00000A0
00100C0
,
0100000
0001000
0100000
0000000
0000100
0010000
0000100
0000000
1000000
0010000
0000100
0000000
0000010
0001000
0100000
0000000
,
0000100
0001000
0010000
0100000
000A000
0000000
1000000
0000000
000C0a0
0000000
A0000c0
0000000
C000a00
0000000
0A00c00
0000000
,
0C0a000
0000000
00Ac000
0000000
00C0a00
0000000
0A00c00
0000000
0C000a0
0000000
10000c0
0001000
0100000
0001000
1000000
0000000
,
0000010
0010000
0000100
0000000
1000000
0001000
0100000
0000000
0001000
0010000
0000010
0000000
0010000
0001000
1000000
0000000
,
0100000
0010000
0001000
0000100
0100000
0010000
0001000
0000100
0100000
0010000
0000010
0000000
0000100
0001000
1000000
0000000
,
0000010
0010000
0000010
1000000
0001000
1000000
0000010
0010000
0000010
1000000
0001000
1000000
,
010A000
0000000
0000000
0000000
0000000
0000000
0000000
0000000
0000000
0000000
0000000
0000000
0010000
0000000
0000000
0000000
0000000
0000000
0000000
0000000
0000000
0000000
0000000
0000000
0010000
0000000
0000000
0000000
0000000
0000000
0000000
0000000
0000000
0000000
0000000
0000000
010C000
0000000
0000000
0010000
0000000
0000000
0001000
0000000
0000000
0000100
0000000
0000000
,
00A0010
0000000
0000000
0000000
00C0100
0001000
0010000
0100000
100A000
0000000
0000000
0000000
001C000
0001000
0100000
0000100
,
0100000
0010000
0001000
0000100
0100000
0010000
0001000
0000100
0100000
0000000
0000010
0000000
0010000
0000000
0000100
0000000
,
0100000
0000010
0010000
0100000
0001000
0010000
000A000
0000000
,
00a0000
0000a00
0a00000
00000a0
,
a000000
0000000
0000000
0000000
,
cccCcc0
0000000
0000000
0000000
,
0000000
,
0000000
,
0000000
,
0000000
0000000
0010000
0000000
0010000
0000000
1000000
0100000
,
0000000
0000000
0010000
0000000
0010000
0000000
1000000
0100000
,
0000000
0000000
0010000
0000000
0010000
0000000
1000000
0100000
,
0000000
0010000
0010000
0010000
;
