Hazure
  4
  1
  0
  1
  0
  3
  2
  3
  4
  1
  2
  0
  4
  0
  1
  0
  1
  0
  3
  2
  3

Replay
  3
  0
  1
  2
  3
  0
  1
  2
  3
  0
  1
  2
  3
  4
  0
  1
  2
  3
  0
  1
  2

JACReplay
  3
  0
  1
  2
  3
  0
  1
  2
  3
  0
  1
  2
  3
  4
  0
  1
  2
  3
  0
  1
  2

RTReplay
  3
  0
  1
  2
  3
  0
  1
  2
  3
  0
  1
  2
  3
  4
  0
  1
  2
  3
  0
  1
  2

Bell_A
  2
  3
  0
  1
  2
  3
  0
  1
  2
  3
  4
  0
  1
  2
  3
  0
  1
  2
  3
  0
  1

Bell_B
  2
  3
  0
  1
  2
  3
  0
  1
  2
  3
  4
  0
  1
  2
  3
  0
  1
  2
  3
  0
  1

Watermelon_A
  4
  1
  0
  1
  0
  3
  2
  3
  4
  1
  2
  0
  4
  0
  1
  0
  1
  0
  3
  2
  3

Watermelon_B
  4
  1
  0
  1
  0
  3
  2
  3
  4
  1
  2
  0
  4
  0
  1
  0
  1
  0
  3
  2
  3

Cherry_A1
  4
  1
  0
  1
  0
  1
  2
  3
  4
  3
  2
  0
  4
  2
  1
  0
  1
  0
  3
  2
  3

Cherry_A2
  4
  1
  0
  1
  0
  1
  2
  3
  4
  3
  2
  0
  4
  2
  1
  0
  1
  0
  3
  2
  3

Cherry_B
  4
  1
  0
  1
  0
  1
  2
  3
  4
  3
  2
  0
  4
  2
  1
  0
  1
  0
  3
  2
  3

EX_A
  4
  1
  0
  1
  0
  1
  2
  3
  4
  0
  0
  0
  1
  2
  3
  4
  1
  0
  1
  2
  3

EX_B
  4
  1
  0
  1
  0
  1
  2
  3
  4
  3
  4
  0
  1
  2
  3
  4
  1
  0
  1
  2
  3

EX_C
  4
  1
  0
  1
  0
  1
  2
  3
  4
  3
  4
  0
  1
  2
  3
  4
  1
  0
  1
  2
  3

EX_D
  4
  1
  0
  1
  0
  1
  2
  3
  4
  3
  4
  0
  1
  0
  1
  0
  1
  0
  1
  2
  3

EX_E
  4
  1
  0
  1
  0
  1
  2
  3
  4
  3
  4
  0
  1
  2
  3
  4
  1
  0
  1
  2
  3
