Hazure
  2
  3
  4
  3
  2
  1
  0
  3
  2
  1
  4
  3
  1
  0
  3
  2
  1
  0
  1
  2
  1

Replay
  3
  0
  1
  2
  3
  0
  1
  2
  3
  0
  1
  2
  3
  4
  0
  1
  2
  3
  0
  1
  2

JACReplay
  0
  1
  2
  3
  0
  1
  2
  3
  0
  1
  2
  3
  4
  0
  1
  2
  3
  0
  1
  2
  3

RTReplay
  3
  0
  1
  2
  3
  0
  1
  2
  3
  0
  1
  2
  3
  4
  0
  1
  2
  3
  0
  1
  2

Bell_A
  2
  3
  0
  1
  2
  3
  0
  1
  2
  3
  4
  0
  1
  2
  3
  0
  1
  2
  3
  0
  1

Bell_B
  2
  3
  0
  1
  2
  3
  0
  1
  2
  3
  4
  0
  1
  2
  3
  0
  1
  2
  3
  0
  1

Watermelon_A
  2
  3
  4
  3
  2
  1
  0
  3
  2
  1
  4
  3
  1
  0
  3
  2
  1
  0
  1
  2
  1

Watermelon_B
  2
  3
  4
  3
  2
  1
  0
  3
  2
  1
  4
  3
  1
  0
  3
  2
  1
  0
  1
  2
  1

Cherry_A1
  2
  3
  4
  1
  0
  1
  2
  3
  0
  3
  2
  0
  4
  2
  1
  0
  1
  0
  1
  2
  3

Cherry_A2
  2
  3
  4
  1
  0
  1
  2
  3
  0
  3
  2
  0
  4
  2
  1
  0
  1
  0
  1
  2
  3

Cherry_B
  2
  3
  4
  1
  0
  1
  2
  3
  0
  3
  2
  0
  4
  2
  1
  0
  1
  0
  1
  2
  3

EX_A
  2
  3
  4
  1
  0
  3
  2
  1
  4
  0
  1
  0
  3
  2
  3
  4
  1
  0
  1
  2
  1

EX_B
  2
  3
  4
  3
  0
  1
  2
  3
  2
  0
  1
  0
  1
  2
  3
  4
  3
  0
  1
  2
  3

EX_C
  2
  3
  4
  3
  0
  1
  2
  3
  2
  0
  1
  0
  1
  2
  3
  4
  3
  0
  1
  2
  3

EX_D
  2
  3
  4
  1
  0
  1
  0
  1
  2
  3
  4
  4
  4
  1
  1
  0
  1
  0
  1
  0
  1

EX_E
  2
  3
  4
  1
  0
  1
  2
  1
  4
  3
  1
  0
  3
  2
  3
  4
  1
  0
  1
  2
  1
