Hazure
  2
  1
  0
  1
  0
  3
  2
  1
  4
  0
  1
  0
  3
  2
  3
  4
  1
  2
  3
  2
  1

Replay
  3
  0
  1
  2
  3
  0
  1
  2
  3
  0
  1
  2
  3
  4
  0
  1
  2
  3
  0
  1
  2

JACReplay
  0
  1
  2
  3
  0
  1
  2
  3
  0
  1
  2
  3
  4
  0
  1
  2
  3
  0
  1
  2
  3

RTReplay
  3
  0
  1
  2
  3
  0
  1
  2
  3
  0
  1
  2
  3
  4
  0
  1
  2
  3
  0
  1
  2

Bell_A
  2
  3
  0
  1
  2
  3
  0
  1
  2
  3
  4
  0
  1
  2
  3
  0
  1
  2
  3
  0
  1

Bell_B
  2
  3
  0
  1
  2
  3
  0
  1
  2
  3
  4
  0
  1
  2
  3
  0
  1
  2
  3
  0
  1

Watermelon_A
  2
  1
  0
  1
  0
  3
  2
  1
  4
  3
  4
  0
  1
  2
  3
  4
  1
  2
  3
  2
  1

Watermelon_B
  2
  1
  0
  1
  0
  3
  2
  1
  4
  3
  4
  0
  1
  2
  3
  4
  1
  2
  3
  2
  1

Cherry_A1
  0
  1
  0
  3
  0
  3
  2
  1
  4
  0
  1
  0
  1
  2
  3
  4
  3
  2
  1
  2
  3

Cherry_A2
  0
  1
  0
  3
  0
  3
  2
  1
  4
  0
  1
  0
  1
  2
  3
  4
  3
  2
  1
  2
  3

Cherry_B
  0
  1
  0
  3
  0
  3
  2
  1
  4
  0
  1
  0
  1
  2
  3
  4
  3
  2
  1
  2
  3

EX_A
  1
  3
  0
  0
  2
  3
  0
  1
  2
  0
  0
  0
  2
  2
  3
  4
  1
  2
  2
  0
  0

EX_B
  0
  1
  2
  3
  0
  1
  2
  3
  2
  0
  1
  0
  1
  2
  3
  4
  3
  0
  1
  2
  3

EX_C
  1
  3
  0
  0
  0
  1
  0
  1
  2
  0
  0
  0
  2
  2
  3
  4
  1
  2
  2
  0
  0

EX_D
  1
  3
  0
  0
  0
  1
  0
  1
  2
  3
  4
  0
  2
  2
  3
  4
  1
  2
  2
  0
  0

EX_E
  1
  3
  0
  0
  0
  1
  0
  1
  2
  0
  0
  0
  2
  2
  3
  4
  1
  2
  2
  0
  0
