Hazure
  0
  1
  1
  3
  3
  0
  1
  2
  3
  1
  2
  1
  4
  3
  0
  2
  2
  4
  0
  1
  2

Replay
  3
  0
  1
  2
  3
  0
  1
  2
  3
  0
  1
  2
  3
  4
  0
  1
  2
  3
  0
  1
  2

JACReplay
  0
  1
  2
  3
  0
  1
  2
  3
  0
  1
  2
  3
  4
  0
  1
  2
  3
  0
  1
  2
  3

RTReplay
  3
  0
  1
  2
  3
  0
  1
  2
  3
  0
  1
  2
  3
  4
  0
  1
  2
  3
  0
  1
  2

Bell_A
  2
  3
  0
  1
  2
  3
  0
  1
  2
  3
  4
  0
  1
  2
  3
  0
  1
  2
  3
  0
  1

Bell_B
  2
  3
  0
  1
  2
  3
  0
  1
  2
  3
  4
  0
  1
  2
  3
  0
  1
  2
  3
  0
  1
Watermelon_A
  2
  1
  2
  1
  0
  3
  2
  1
  0
  3
  2
  0
  4
  2
  1
  0
  3
  2
  1
  0
  3

Watermelon_B
  2
  1
  2
  1
  0
  3
  2
  1
  0
  3
  2
  0
  4
  2
  1
  0
  3
  2
  1
  0
  3

Cherry_A1
  0
  1
  2
  3
  0
  1
  2
  3
  0
  1
  2
  3
  4
  0
  1
  2
  3
  0
  1
  2
  3

Cherry_A2
  0
  1
  2
  3
  0
  1
  2
  3
  0
  1
  2
  3
  4
  0
  1
  2
  3
  0
  1
  2
  3

Cherry_B
  2
  3
  0
  1
  2
  3
  0
  1
  2
  3
  4
  0
  1
  2
  3
  0
  1
  2
  3
  0
  1
