Hazure
 3
 4
 0
 1
 2
 3
 0
 0
 1
 2
 2
 4
 4
 1
 3
 4
 2
 3
 2
 0
 1

Replay
 0
 1
 2
 0
 1
 2
 3
 4
 0
 1
 2
 3
 0
 1
 2
 3
 0
 1
 2
 3
 4

JACReplay
 0
 1
 2
 0
 1
 2
 3
 4
 0
 1
 2
 3
 0
 1
 2
 3
 0
 1
 2
 3
 4

RTReplay
 0
 1
 2
 0
 1
 2
 3
 4
 0
 1
 2
 3
 0
 1
 2
 3
 0
 1
 2
 3
 4

Bell_A
 4
 0
 1
 2
 0
 1
 2
 3
 4
 0
 1
 2
 3
 0
 1
 2
 3
 0
 1
 2
 3

Bell_B
 4
 0
 1
 2
 0
 1
 2
 3
 4
 0
 1
 2
 3
 0
 1
 2
 3
 0
 1
 2
 3

Watermelon_A
 3
 4
 4
 4
 2
 0
 0
 0
 1
 2
 4
 4
 4
 1
 3
 4
 2
 3
 0
 0
 1

Watermelon_B
 3
 4
 4
 4
 2
 0
 0
 0
 1
 2
 4
 4
 4
 1
 3
 4
 2
 3
 0
 0
 1

Cherry_A1
 3
 4
 0
 1
 2
 0
 0
 0
 1
 2
 3
 4
 4
 2
 3
 4
 1
 3
 3
 1
 2

Cherry_A2
 3
 4
 0
 1
 2
 0
 0
 0
 1
 2
 3
 4
 4
 2
 3
 4
 1
 3
 3
 1
 2

Cherry_B
 3
 4
 0
 1
 2
 0
 0
 0
 1
 2
 3
 4
 4
 2
 3
 4
 1
 3
 3
 1
 2

EX_A
 1
 2
 3
 4
 1
 2
 0
 1
 2
 3
 4
 4
 4
 0
 0
 1
 2
 3
 0
 1
 0

EX_B
 1
 2
 0
 1
 2
 3
 0
 0
 1
 2
 3
 4
 4
 0
 0
 1
 0
 1
 2
 3
 4

EX_C
 1
 2
 3
 4
 1
 2
 0
 1
 2
 3
 4
 4
 4
 0
 0
 1
 2
 3
 0
 1
 0

EX_D
 1
 2
 3
 0
 1
 2
 0
 1
 2
 3
 4
 4
 4
 0
 0
 1
 2
 3
 0
 1
 0

EX_E
 1
 2
 3
 0
 1
 0
 0
 1
 2
 3
 4
 4
 4
 0
 0
 1
 2
 3
 0
 1
 0
