Hazure
 1
 4
 0
 1
 2
 0
 1
 0
 1
 2
 3
 1
 1
 3
 0
 0
 1
 2
 3
 1
 2

Replay
0
1
2
0
1
2
3
4
0
1
2
3
0
1
2
3
0
1
2
3
4

JACReplay
 0
 1
 2
 0
 1
 2
 3
 4
 0
 1
 2
 3
 0
 1
 2
 3
 0
 1
 2
 3
 4

RTReplay
 0
 1
 2
 0
 1
 2
 3
 4
 0
 1
 2
 3
 0
 1
 2
 3
 0
 1
 2
 3
 4

Bell_A
 4
 0
 1
 2
 0
 1
 2
 3
 4
 0
 1
 2
 3
 0
 1
 2
 3
 0
 1
 2
 3

Bell_B
 4
 0
 1
 2
 0
 1
 2
 3
 4
 0
 1
 2
 3
 0
 1
 2
 3
 0
 1
 2
 3

Watermelon_A
 1
 2
 3
 4
 2
 0
 0
 0
 2
 2
 4
 4
 2
 3
 0
 1
 2
 3
 0
 1
 0

Watermelon_B
 1
 2
 3
 4
 2
 0
 0
 0
 2
 2
 4
 4
 2
 3
 0
 1
 2
 3
 0
 1
 0

Cherry_A1
 3
 4
 0
 1
 2
 0
 1
 0
 1
 2
 3
 0
 1
 2
 3
 4
 2
 3
 0
 1
 2

Cherry_A2
 3
 4
 0
 1
 2
 0
 1
 0
 1
 2
 3
 0
 1
 2
 3
 4
 2
 3
 0
 1
 2

Cherry_B
 3
 4
 0
 1
 2
 0
 1
 0
 1
 2
 3
 0
 1
 2
 3
 0
 1
 2
 3
 4
 2
