#TITLE:スターギグ;
#SUBTITLE:;
#ARTIST:フーリンキャットマーク;
#DESCRIPTION:;
#CREDIT:KaNa;
#MUSIC:song.wav;
#BANNER:jacket.jpg;
#BACKGROUND:bg.png;
#ILLUST:;
#DIFFICULTIES:0,0,0,0,27;
#SAMPLESTART:0;
#SAMPLELENGTH:12;
#OFFSET:0;
#BPMS:0.000=133;
#BASEBPM:133;
#SPEEDS:;
#BGCHANGES:;
#LASTSECONDHINT:0;
#CMOD:0;
#LUA:default.lua;
#VOLUME:-2000;
#NOTES:
    dankaglike:
    Lunatic:
    --------------------
    start sequence data
0000000
,
A000100
0000000
0001000
0000010
0000100
0000000
C010000
0000010
,
0A01000
0000000
0000010
0010000
0000100
0000000
0C00010
0001000
,
0010A00
0000000
1000000
0001000
0100000
0000000
1000C00
0010000
,
01000A0
0000000
0010000
1000000
0100000
0000000
00010C0
1000000
,
0A00100
0000000
0000010
0000100
0001000
0000000
0C00100
0001000
,
00100A0
0000000
0001000
0010000
0100000
0000000
0010000
01000C0
,
1000100
0000000
0100010
0000100
1001000
0000000
A000010
0001000
,
C000100
0000100
0000000
1000000
0000100
0010000
0001000
0100000
0000010
A0a0000
0000000
C0c1000
0000100
A0a0000
0000000
C0c0100
,
0100010
0000000
0000000
0000100
1010000
0000000
0001000
0000000
1000010
0000000
0000000
0000000
0010100
0000000
0100000
0000000
,
0000010
0010000
0100000
0000000
1000100
0000000
0010000
0000000
0100010
0000000
0000000
0100000
0000100
0000000
0001000
0010000
,
0100010
0000000
0000000
0000100
1000000
0000000
0011000
0000000
0100010
0000000
0000000
0000000
1000100
0000000
0100000
0010000
,
0000100
0001000
0000000
0010000
0100000
0000000
0000010
0000000
A001000
0000000
0000000
C000100
0100000
0000000
0001000
0000000
,
0010010
0000000
0000000
0000100
0100000
0000000
1001000
0000000
1000010
0000000
0000000
0000000
0010100
0000000
0100000
0000000
,
0000010
0010000
0000100
0000000
1000100
0000000
0010000
0000000
0100010
0000000
0000000
0100000
0000100
0000000
1001000
0000000
,
0010010
0010010
0100100
0100100
1001000
1001000
0100100
0100100
,
A0000a0
0000000
0011000
0000000
0011000
0000000
0000000
C0110c0
0100000
0000100
0010000
0001000
1000010
0100000
0001000
0010000
,
A0000F0
0000F00
000F000
0000000
0000000
0000000
0000000
0000000
0000000
0000000
0000000
0000000
0000010
0000000
0000000
0000000
0000100
0000000
0000000
0000000
0001000
0000000
0000000
0000000
C000100
0000000
0000000
0000000
F0000A0
0F00000
00F0000
0000000
,
0000000
1000000
0100000
0010000
0101000
0000000
10100C0
0A00100
,
000F000
0000000
0000000
0000000
0000000
0000000
0000000
0000F00
0000000
0000000
0000000
0000000
0000000
0000000
00000F0
0000000
0000000
0000000
0000000
0000000
0000000
0000000
0000000
0000000
0000000
0000000
0000000
0000000
0000000
0000000
0000000
0000000
0000000
0000000
0000000
0000000
0000000
0000000
0000000
0000000
0000000
0000000
0000000
0000000
0000000
0000000
0000000
0000000
0000000
0000000
0000000
0000000
0000000
0000000
0000000
0000000
0000100
0000000
0000000
0000000
0000000
0000000
0000000
0000000
0000000
0000000
0000000
0000000
0000000
0000000
0000000
0000000
0000000
0000000
0000000
0000000
0000000
0000000
0000000
0000000
0000000
0000000
0000000
0000000
0000000
0000000
0000000
0000000
0000000
0000000
0000000
0000000
0000000
0000000
0000000
0000000
0000000
0000000
0000000
0000000
0000000
0000000
0000000
0000000
0000000
0000000
0000000
0000000
0000000
0000000
0000000
0000000
0000010
0000000
0000000
0000000
0000000
0000000
0000000
0000000
0000000
0000000
0000000
0000000
0000000
0000000
0000000
0000000
0000000
0000000
0000000
0000000
0000000
0000000
0000000
0000000
0000000
0000000
0000000
0000000
0001000
0000000
0000000
0000000
0000000
0000000
0000000
0000000
0000000
0000000
0000000
0000000
0000000
0000000
0000000
0000000
0000000
0000000
0000000
0000000
0000000
0000000
0000000
0000000
0000000
0000000
0000000
0000000
0C00010
0000000
0000000
0000000
0000000
0000000
0000000
0000000
0000000
0000000
0000000
0000000
0000000
0000000
0000000
0000000
0000000
0000000
0000000
0000000
0000000
0000000
0000000
0000000
0000000
0000000
0000000
0000000
00F0A00
0000000
0000000
0000000
0000000
0000000
0000000
0F00000
0000000
0000000
0000000
0000000
0000000
0000000
F000000
0000000
0000000
0000000
0000000
0000000
0000000
0000000
0000000
0000000
0000000
0000000
0000000
0000000
,
0000000
0010000
0000000
0010000
0a00C00
00000F0
0000F00
000F000
,
0c00010
0000000
0001000
0100000
0000110
0000000
A001000
0000000
0100000
0000000
0000000
0000000
0100000
0000000
00000X0
0000000
,
01000Z0
0000000
0000X00
0000000
0100Z00
0000000
000X000
0000000
C10Z000
0000000
0000010
0000100
0001000
0010000
0100000
1000000
,
0010010
0000000
0000000
0000000
0001000
0000000
1000000
0000000
0000110
0000000
0000000
0000000
A001000
0000000
0000000
0000000
0100000
0000000
0000000
0000000
0000000
0000000
0000000
0000000
0100000
0000000
0000000
0000000
00000F0
0000F00
000F000
0000000
,
0100000
0010000
0001000
0000100
C00X0a0
010Z0c0
A0X0000
C0Z0100
,
0100010
0000000
0010000
0000100
1100000
0000000
00100A0
0000000
0000100
0000000
0000000
0000000
0000100
0000000
0F00000
00F0000
,
0000100
0000000
F000000
0F00000
0000100
00F0000
0000000
0F00000
F0001C0
0100000
0010000
0001000
0100000
0010000
0001000
0000100
,
10F0010
0000000
0000000
0000100
0110000
0000100
0110000
0000000
1001010
0000000
0100100
0000000
1010010
0000000
0A00a00
0000000
,
0000000
0000000
0C11c00
0000000
1000010
0000000
0100000
0001100
0000000
0010000
0000010
0001000
1100000
0000100
0010000
0000000
,
1000010
0000000
0010000
1000000
0100100
0010000
0000000
0100000
0010010
0001000
0000000
0100000
0000100
0000000
0010000
0000000
,
1000010
0000000
0010000
1000000
0100100
0010000
0000000
0100000
0010010
0001000
0000000
0100000
0000100
0000000
1001000
0000000
,
0100010
0000000
0010010
0001000
1100000
0000100
0000000
0010000
1000110
0000000
0010000
0100000
0001010
0000000
1000000
0000000
,
0010010
0000000
0100000
0000000
A000100
0001000
0000000
0001000
C000100
0000000
0101000
0000000
0010100
0000000
A001010
0000000
,
0000000
0000000
C000010
0100000
0010000
0000100
0000000
0010000
1000100
0000000
0001000
0000000
0010010
0000000
Aa01000
0000000
,
Cc01000
0000000
0Aa0100
0000000
0Cc0100
0000000
00Aa010
0000000
00Cc010
0000000
1000100
0000000
0010000
0000100
0100000
0001000
,
1F00010
0000000
100F010
0000000
0010000
0001000
0010000
0000000
1000F10
0000000
10F0010
0000000
0001000
0000000
A010010
0000000
,
0000000
0000000
00000X0
0000000
0000a00
0000000
C00x000
0000000
0100000
1000000
0100000
0000000
100zcZ0
0010000
0100000
0001000
,
0010010
0000000
0000100
0100000
1001000
0000100
0010000
0000000
0100100
0000000
0001000
0100000
1000100
0001000
0010000
0000100
,
1010000
0000000
0000100
0000000
0101000
0000000
0000010
0000000
1010000
0000010
0001000
0100000
0010100
1000000
0010000
0000100
,
0100010
0000000
0001000
0000000
1010010
0000000
0001000
0000000
1000100
1000000
0001000
0000000
0100010
0000010
0010000
0000000
,
1F01000
0000000
0000000
0000000
0000000
0000000
0000000
0000000
0000000
010F100
0000000
0000000
0000000
0000000
0000000
0000000
0000000
0000000
001F010
0000000
0000000
0000000
0000000
0000000
0000100
0000000
0100000
0000000
0000100
0000000
0100000
0000000
0000000
0000010
0000000
0000000
0010000
0000000
0000000
0001000
0000000
0000000
1100010
0000000
0000000
0000000
0000000
0000000
,
0000000
1001000
0100100
0010010
1001000
0100100
0010010
A001000
,
0000000
C010110
0010110
0001000
1010010
0000000
0000000
0000000
,
1000010
0000000
0000000
0001000
0100100
0000000
0010000
0000000
1000010
0000000
0000000
0010000
0100100
0000000
1000000
0001000
,
0100100
0000000
0010000
0000000
0000000
0000000
0001000
0000000
1000010
0000000
0000000
0000000
0010000
0000000
0000000
0000000
01000F0
0000F00
000F000
0000000
0100000
0000000
0000000
0000000
00F0100
0F00000
F000000
0000000
0000100
0000000
0000000
0000000
,
1000010
0000000
0000000
0010000
0100010
0000000
0001000
0000000
1000010
0000000
0010000
0000000
1000100
0001000
0100000
0000100
,
0000000
0000000
0000000
0000000
0000000
0000000
1000010
0000000
0000000
0000000
0000000
0000000
0001000
0000000
0000000
0000000
0000000
0000000
0100000
0000000
0000000
0000000
0000000
0000000
0000010
0000000
0000000
0000000
0000000
0000000
0001000
0000000
0000000
0010000
0000000
0000000
0100000
0000000
0000000
0000000
0000000
0000000
0000100
0000000
0000000
0000000
0000000
0000000
1000000
0000000
0000000
0000000
0000000
0000000
0010000
0000000
0000000
0001000
0000000
0000000
0000100
0000000
0000000
0000000
0000000
0000000
0100000
0000000
0000000
0000000
0000000
0000000
0000010
0000000
0000000
0000000
0010000
0000000
0000000
0000000
0000100
0000000
0000000
0000000
0100000
0000000
0000000
0000000
0001000
0000000
0000000
0000000
1000000
0000000
0000000
0000000
,
0000010
0000000
0000100
0000000
0010000
0000000
0001000
0000000
0100000
0000000
1000000
0000000
0010000
0000000
0001000
0000000
00000A0
0000000
0000000
0000000
01000C0
0000000
0000000
0000000
0001000
0000A00
0000000
0000000
1000C00
0000000
0000000
0000000
,
0010000
0000000
0000000
000A000
0000000
0000000
0000000
0000000
0000000
0000000
0000000
0000000
100C000
0000000
0000000
0000000
0100000
0000000
0000000
0000000
0010000
0000000
0000000
0000000
0000010
0000000
0000000
0000000
0000100
0000000
0000000
0000000
0001000
0000000
0000000
0000000
0100000
0000000
0000000
0000000
0000000
0000000
0010000
0000000
0000000
0000000
0000000
0000000
0001000
0000000
0000000
0000000
0000000
0000000
0000000
0000000
0000100
0000000
0000000
0000000
0000000
0000000
0000000
0000000
0000010
0000000
0000000
0000000
0000000
0000000
0000000
0000000
1001000
0000000
0000000
0000000
0000000
0000000
0000000
0000000
0000000
0000000
0000000
0000000
0010000
0000000
0000000
0000000
0000000
0000000
0000000
0000000
0000000
0000000
0000000
0000000
,
1000010
0000000
0000000
0000000
0000000
0000000
0100000
0000000
0010000
0000000
0001000
0000000
0010000
0000000
0001000
0000000
0000100
0000000
0001000
0000000
0000100
0000000
0000010
0000000
0A00000
0000000
0000000
0000000
0000000
0000000
0000000
0000000
0000000
0000000
0000000
0000000
0C00010
0000000
0000100
0000000
0001000
0000000
0010000
0000000
0000000
0100000
0000000
0000000
,
1000000
0001000
0010000
0000100
1100000
0001000
0110000
0000010
0001000
1100000
0000100
0010000
1000110
0010000
0001000
0010000
,
1000010
0000010
0000000
0001000
1000100
0001000
0010000
0100000
0000110
0000000
0100000
0001010
1000000
0000100
0010000
0001000
,
1000110
0000000
0010000
0000000
1001100
0000000
0110000
0000100
0010000
1000010
0000100
0001000
0100100
0010000
0100100
1000000
,
0010010
0000000
0100000
0001000
0010010
0000000
0100100
0000000
1001000
0000000
0000100
0010000
1001000
0000000
0010000
0000100
,
0100000
0000010
1010000
0000000
0100100
0000000
0010010
0001000
0000000
0100010
0001000
0010000
0100010
0001000
0000100
0001000
,
1010000
0000000
0000100
0010000
1000010
0001000
0100000
0000100
1100000
0000000
0001010
1100000
0000100
0010000
0001000
0100000
,
1000110
0000000
0010000
0000000
1001100
0000000
0010000
0000100
1100000
0001000
0000000
0010000
1000110
0000000
0010010
0000000
,
1000100
0000000
0001000
0010000
0100010
0000000
1001000
0000000
0100010
0000000
0010000
0001000
1000100
0000000
0010010
0000010
,
0100000
0000000
0000000
0000000
,
A000010
0000000
C000010
0010000
1000000
1000100
0000000
0001110
1000000
0010000
0000100
0000100
1110000
0000010
0001000
0100000
,
1000010
0000000
0001000
0100000
0010100
1000000
0000000
0001000
0100010
0001000
0000000
0010000
1000100
0000000
0010000
0000000
,
1000010
0000000
0010000
0000100
0101000
0000010
0000000
0010000
1000100
0010000
0000000
0001000
0100010
0000000
0001000
0000000
,
1000010
0000000
0010000
0000100
1100000
0001000
0000000
0010000
1000110
0000000
0100000
0001000
0010010
0000000
1001000
0000000
,
0010010
0000000
0100100
0000000
A001000
0000010
0000000
0000010
C001000
0000000
0100100
0000000
0011000
0000000
Aa00110
0000000
,
0000000
0000000
Cc00010
0001000
0100100
0000000
0010010
0000000
1000100
0000000
0001000
0100000
0010010
0000000
A00a000
0000000
,
C01c000
0000000
0A00a00
0000000
0C01c00
0000000
00A00a0
0000000
00C01c0
0000000
1000100
0000000
0010000
0000100
0100000
0001000
,
1F00F10
0000000
1F00F10
0000000
0001000
0100000
0000100
0000000
10FF010
0000000
10FF010
0000000
0000100
0000000
A010010
0000000
,
0000000
0000000
00000X0
0000000
000a000
0000000
Cx00000
0000000
0000100
0010000
0000100
0000000
1z0c0Z0
0000100
0100000
0001000
,
1000010
0000000
0001000
0A00000
0000110
0000000
0C01000
0000000
1000010
0000000
0010000
0000A00
1100000
0000000
0010C00
0000000
,
1001010
0000000
0010100
0000000
0101010
0000000
1010000
0000000
0001010
0100000
0000100
0010000
1000010
0001000
0100000
0000100
,
A0X0000
0000000
00Z0100
0000000
C00X0a0
0000000
010Z000
0000000
A0100c0
0001000
0000100
0001000
C0000a0
0010000
0100000
0010000
,
F0010c0
0000000
0000000
0000000
0000000
0000000
0000000
0000000
0000000
10100F0
0000000
0000000
0000000
0000000
0000000
0000000
0000000
0000000
1F00F10
0000000
0000000
0000000
0000000
0000000
0001000
0000000
0010000
0000000
0000100
0000000
1100000
0000000
0000000
0000010
0000000
0000000
0110000
0000000
0000000
0001000
0000000
0000000
A000010
0000000
0000000
0000000
0000000
0000000
,
0000000
C001010
0110100
0100100
1010010
1000010
1001010
0100A00
,
0000000
1010C00
1011010
0101010
1011010
0000000
0000000
0000000
,
1000010
0000000
0010000
0000100
1100000
0001000
0000000
0010000
0000110
0100000
0000000
0001000
1000010
0000000
0101000
0000000
,
1000100
0000000
0010000
0000100
1100000
0001000
0000000
0010000
0000110
0100000
0000000
0001000
1000100
0000000
0100010
0000000
,
1001000
0000000
0100010
0000100
0010000
0000000
1001000
0000000
0010010
0000000
1000100
0001000
0100000
0000000
0010010
0000000
,
1001000
0000000
0100100
0000000
0010010
0000000
1000100
0010000
0000010
0000000
0011000
0000000
0011000
0000000
0100100
00A0010
,
0000000
0000000
00C0010
0001000
1000010
0000000
0100100
100A000
0000000
0000000
100C000
0010000
1000010
0000000
0F01000
00A0F00
,
0000000
0000000
00C0100
1000000
0001010
0000000
0010F00
0F0A000
0000000
0000000
010C000
0000010
1010000
0000100
0001000
0010000
,
100F010
0000000
010F100
0000000
0010000
0001000
0000100
0000000
10F0010
0000000
01F0100
0000000
0001000
0000000
X1001x0
0000000
,
0000000
0000000
ZA00az0
0000000
0CXxc00
0000000
A0Zz0a0
0000000
0000F00
0010000
0001000
0F00000
C0010c0
0010000
0000F00
0100000
,
F000010
0000000
0010100
0000000
0100010
0000100
0010000
0001000
1000010
0000000
0100000
0001000
1000100
0010000
0000010
0100000
,
1000100
0000000
0000100
0000000
0000000
0000000
0001000
0000000
1000010
0000000
0010000
0000000
0000000
0000000
0F00100
00F0000
000F010
0000000
0000000
0000000
1000100
0000000
0001000
0000000
0100000
0000000
0000100
0000000
1010000
0000000
0000010
0000000
,
0A00X00
0000000
0000000
0000000
aC01Z00
0000000
0000100
0000010
c000100
0001000
0010000
0100000
0001010
0010000
0100100
1000000
,
00110F0
0000000
0000000
0000000
0000000
0000000
0000000
0000000
0000000
F011000
0000000
0000000
0000000
0000000
0000000
0000000
0000000
0000000
1F00F10
0000000
0000000
0000000
0000000
0000000
0010000
0000000
0001000
0000000
0100000
0000000
0000110
0000000
0000000
1000000
0000000
0000000
0001100
0000000
0000000
0100000
0000000
0000000
10F00A0
0000000
0000000
0000000
0000000
0000000
,
0000000
010F0C0
10F0100
010F010
1F01000
0010F10
1F01000
0010FA0
,
0000000
00110C0
01FF100
F0110F0
1F00F10
0000000
0000000
0000000
,
A001000
0000000
C0a00F0
0000000
A0c0000
0000F00
C0a0000
0000000
A0cF000
0000000
C0a0000
0000F00
A0c0000
0000000
C0a00F0
0000000
,
10c0100
0000100
0100000
0000000
00A0010
0000000
1000000
0000100
01C0000
0000000
0101010
0000000
0001000
0000000
A010100
0000000
,
000a000
0000000
0000000
0000000
0000000
0000000
0000000
0000000
0000000
0000000
0000000
0000000
C00c0a0
0000000
0000000
0000000
0000000
0000000
00F0000
0000000
0000000
0F00000
0000000
0000000
F00A0c0
0000000
0000000
0000000
0000000
0000000
00F0000
0000000
0000000
0000000
0000000
0000000
010C0a0
0000000
0000000
0000000
0000000
0000000
0000000
0000000
0000000
0000000
0000000
0000000
100A0c0
0000000
0000000
0000000
0000000
0000000
0010000
0000000
0000000
0000000
0000000
0000000
100C0a0
0000000
0000000
0000000
0000000
0000000
0010000
0000000
0000000
0000000
0000000
0000000
000A0c0
0000000
0000000
0000000
0000000
0000000
0100000
0000000
0000000
0000000
0000000
0000000
0X0C0a0
0000000
0000000
0000000
0000000
0000000
0000000
0000000
0000000
0000000
0000000
0000000
,
0Z010c0
0000000
1000010
0001000
1000010
0001000
0000000
01F0F10
0000000
1000100
0001000
0010000
A000010
0001000
0000010
000a000
,
0000000
,
0000000
,
0000000
,
0000000
,
0000000
,
C00c000
0000000
0000000
0000000
;
