#SPEED:1.000000;
#SOUND_EFFECT:1;
#AUDIO_OFFSET:0.000000;
#VISUAL_OFFSET:0.000000;
#KEY_BIND_TYPE:1;
#KEY_CONFIG:1,19,3,14,11,12,1,19,3,11,12,0,1,19,11,12,0,0,1,19,12,0,0,0,1,12,0,0,0,0,1,0,0,0,0,0,0,0,0,0,0,0,0,0,14,0,0,0,0,0,0,0,0,0,0,11,0,0,0,0,0,0,0,0,0,0,12,0,0,0,0,0;
#COLOR_TYPE:0;
#COLOR_1_CONFIG:255,255,255/255,255,255/255,255,255/255,255,255/255,255,255/255,255,255;
#COLOR_2_CONFIG:255,255,255/255,255,255;
#COLOR_DIFFERENT_CONFIG:1,1,1,1,1,1,1,1,1,1,1,1,1,1,1,1,1,1,1,1,1,1,1,1,1,1,1,1,1,1,1,1,1,1,1,1;
#COLOR_CUSTOM_CONFIG:255,255,255/255,255,255/255,255,255/255,255,255/255,255,255/255,255,255/255,255,255/255,255,255/255,255,255/255,255,255/255,255,255/255,255,255/255,255,255/255,255,255/255,255,255/255,255,255/255,255,255/255,255,255/255,255,255/255,255,255/255,255,255/255,255,255/255,255,255/255,255,255/255,255,255/255,255,255/255,255,255/255,255,255/255,255,255/255,255,255/255,255,255/255,255,255/255,255,255/255,255,255/255,255,255/255,255,255;
