#TITLE:Crazy Cheers!;
#SUBTITLE:;
#ARTIST:‚¿‚å‚±‚Ó‚Ÿ‚ñ;
#DESCRIPTION:;
#CREDIT:KaNa;
#MUSIC:song.wav;
#BANNER:jacket.jpg;
#BACKGROUND:bg.png;
#ILLUST:;
#DIFFICULTIES:0,0,0,0,25;
#SAMPLESTART:58.92;
#SAMPLELENGTH:22.98;
#OFFSET:0;
#BPMS:0.000=167;
#BASEBPM:167;
#SPEEDS:;
#BGCHANGES:;
#LASTSECONDHINT:107.787;
#CMOD:0;
#LUA:default.lua;
#VOLUME:-2000;
#NOTES:
    dankaglike:
    Lunatic:
    --------------------
    start sequence data
0000000
,
10000X0
0100000
0010000
0001000
x0000Z0
0010000
0001000
0000100
,
z0000X0
0001000
0010000
0100000
x0000Z0
0000100
0001000
0010000
,
z0010X0
0100000
0010000
0001000
x0100Z0
0000100
0001000
0010000
,
z0010X0
0100000
0010000
0001000
x0100Z0
0000100
0001000
0010000
,
z001010
0100000
0010100
1000000
0010010
0100000
0001100
0100000
,
0010010
1000000
0010100
0100000
0001010
0100000
0010100
1000000
,
0100010
0010000
1001000
0000100
0100010
0010000
1001000
0000100
,
01000A0
0000000
0000000
0000000
0100000
0000000
0000000
0000000
0100000
0000000
0000000
0010000
1000000
0000000
1000000
0000000
,
01010C0
1000100
0001000
0100010
0010000
1000100
0001000
0100010
,
0000100
1001000
0010000
0100100
0001000
1000100
0000010
1010000
,
1010010
0100100
0001000
1000010
0000100
0101000
0000100
1000010
,
0010100
0100000
0011000
0000100
1001000
0100100
0010010
0000000
,
1000100
0101000
0000010
1010000
0000010
0100100
0001000
1000100
,
0010000
0101000
0000100
1000010
0001000
0100100
0000010
1010000
,
1010010
0100100
0001000
1010000
0000100
0101000
0000010
1001000
,
0010010
0000000
0000000
0000000
1001000
0000000
0100010
0010000
0000100
1000000
0001000
0000000
1000100
0001000
0100000
0000010
,
0011000
0000000
1000100
0000000
0001000
0010000
0000000
1000010
0000000
0000100
0010000
0000000
1001000
0000000
0100100
0000000
,
0011000
0000000
1000100
0000000
0010000
0000100
0100000
0001010
0000000
1010000
0000100
0000000
A001010
0000000
0000000
0000000
,
C010010
0000000
1000100
0000000
0001000
0010000
0000000
0100010
0000000
0000100
0010000
0000000
1001000
0000000
0100100
0000000
,
1000010
0001000
0100000
0010000
0001000
1000100
0000000
0010010
0000000
0001000
0100000
0000000
A010100
0000000
0000000
0000000
,
C001010
0000000
0100100
0000000
0001000
0010000
0000000
1000010
0000000
0000100
0010000
0000000
1000100
0000000
0101000
0000000
,
0010010
0000000
0101000
0000000
1000000
0000100
0100000
0001010
0000000
1010000
0000100
0000000
A001010
0000000
0000000
0000000
,
C010010
0000000
0100100
0000000
0001000
0010000
0000000
1000010
0000000
0000100
0010000
0000000
1001000
0000000
0100100
0000000
,
1000010
0001000
0100000
0000100
0010000
1000010
0000000
0001000
10F0100
0000000
0000000
0000000
010F010
0000000
0000000
0000000
,
1000100
0000100
1001000
0000010
0100100
0000100
0100010
0001000
,
0010100
0000100
0101000
0000010
1000100
0011000
0100010
0000000
,
1000100
0000100
1001000
0000010
0100100
0000100
0100010
0001000
,
A000010
0000010
C0a1000
0001000
A0c0010
0000100
C01a000
0010000
,
100c010
1000000
0010010
0100000
0010100
0010000
1000100
0100000
,
1001000
1000000
0010100
1000000
0100010
0011000
1000100
0000000
,
0100010
0100000
0010010
1000000
0100100
0100000
1000100
0010000
,
A0000X0
0000000
0000000
0000000
Ca00xZ0
0000000
0000000
0000000
0cAXz00
0000000
0000000
10CZ0F0
001F000
0000000
001F000
0000000
,
10000F0
0001000
0100100
00000A0
1010000
000a0C0
0100000
000cA00
,
1010000
0000Ca0
0100000
000A0c0
1010000
000C0a0
0100000
00010c0
,
1010000
0100100
0001010
A0a0000
0000100
C0c0010
0101000
0010A00
,
1000000
0a00C00
0000010
0c01000
1000100
0010000
0100010
0001000
,
1000010
0010000
0100100
A000000
0001010
C0a0000
0000100
0Ac0000
,
0001010
aC00000
0000100
c0A0000
0001010
a0C0000
0000100
c010000
,
0001010
0100100
1010000
000X0A0
0100000
a0xZ0C0
0000100
c0z1010
,
0000000
0000000
0111100
0000000
0000000
0000000
101X0A0
0000000
0000000
0000000
0000000
0000000
010Z0C0
0010000
0001000
0000100
,
A010000
0000010
0100100
0010000
C0010a0
0010000
10000c0
0100100
,
1001000
0000100
0010010
0100000
1000010
0000100
1001000
0100000
,
00010A0
1000000
0100100
00010C0
A010000
0000010
0100100
C001000
,
0100010
0000000
0010000
0000000
1000100
0000000
0001000
0000000
0100010
0000000
0001000
0100000
0000100
1000000
0001000
0100000
,
0000110
0010000
1000100
0010000
0100010
0001000
1100000
0001000
,
10000A0
0010000
0001000
0010000
10001C0
0001000
0100010
0010000
,
A000100
0010000
0000010
0010000
C000110
0010000
1000100
0010000
,
1000010
0001000
0010000
0100000
0010000
0001000
0000100
0001000
1010010
0000000
0000000
0000000
1001010
0000000
0000000
0000000
,
A100100
0000010
0011000
0100000
C0010a0
0010000
10010c0
0100100
,
100A000
0100000
00aC010
0000100
10cA000
0100000
00aC010
0000100
,
10c00A0
0000000
0010000
0001000
01000C0
0000100
0010000
0001000
A000010
0000000
0001000
0010000
C000100
0100000
0001000
0010000
,
A0000a0
0000000
0000100
0100000
0001000
0010000
0000100
0100000
0001000
0000000
0010000
0000000
C0001c0
0001000
0010000
0100000
,
00010A0
0010000
1001000
0100000
a0100C0
0001000
c0A0010
0000100
,
a0C0010
0001000
0100100
0010000
c0010A0
0010000
0100100
0010000
,
10010C0
0000000
0000100
0010000
0000100
0100000
0000100
1000000
0001010
0000000
0100000
0001000
0100000
0000100
0100000
0000010
,
1010000
0000100
0100000
0001000
1000000
0000010
0010000
0000100
1F10000
0000000
1F10000
0000000
1F10000
0000000
1F10000
0000000
,
00010X0
0010000
0100000
0001000
x0100Z0
0001000
0000100
0010000
,
z0010X0
0010000
1000000
0100000
x0100Z0
0001000
0000010
0000100
,
z0100X0
1000000
0001000
0100000
x0010Z0
0000010
0010000
0000100
,
z0100X0
1000000
0010000
0000100
x0010Z0
0000010
0001000
0100000
,
z010010
0000100
1001000
0010000
1000100
0001000
0010010
0100000
,
1000100
0001000
0010010
0100000
1001000
0010000
0100100
1000000
,
0100010
0010000
1001000
0000100
0100010
0010000
1001000
0000100
,
01000A0
0000000
0000000
0000000
0100000
0000000
0000000
0000000
0100000
0000000
0000000
0010000
1000000
0000000
1000000
0000000
,
00110C0
0000000
1000100
0000000
0001000
0010000
0000000
1000010
0000000
0000100
0010000
0000000
1001000
0000000
0100100
0000000
,
0011000
0000000
1000100
0000000
0010000
0000100
0100000
0001010
0000000
1010000
0000100
0000000
A001010
0000000
0000000
0000000
,
C010010
0000000
1000100
0000000
0001000
0010000
0000000
0100010
0000000
0000100
0010000
0000000
1001000
0000000
0100100
0000000
,
1000010
0001000
0100000
0010000
0001000
1000100
0000000
0010010
0000000
0001000
0100000
0000000
A010100
0000000
0000000
0000000
,
C001010
0000000
0100100
0000000
0001000
0010000
0000000
1000010
0000000
0000100
0010000
0000000
1000100
0000000
0101000
0000000
,
0010010
0000000
0101000
0000000
1000000
0000100
0100000
0001010
0000000
1010000
0000100
0000000
A001010
0000000
0000000
0000000
,
C010010
0000000
0100100
0000000
0001000
0010000
0000000
1000010
0000000
0000100
0010000
0000000
1001000
0000000
0100100
0000000
,
1000010
0001000
0100000
0000100
0010000
1000010
0000000
0001000
10F0100
0000000
0000000
0000000
010F010
0000000
0000000
0000000
,
A0X0a00
C0Z0c00
0000000
0000000
;
