#TITLE:QUATTUORUX;
#SUBTITLE:;
#ARTIST:‘Å‘Å‚¾‚¢‚¸ Vs. Tanchiky Vs. ‚©‚ç‚ß‚é;
#DESCRIPTION:;
#CREDIT:Matsusen;
#MUSIC:QUATTUORUX.wav;
#BANNER:QUATTUORUX.png;
#BACKGROUND:QUATTUORUX_b.jpg;
#ILLUST:;
#DIFFICULTIES:0,0,0,0,29;
#SAMPLESTART:0;
#SAMPLELENGTH:12;
#OFFSET:-0.05895692;
#BPMS:0.000=220;
#BASEBPM:220;
#SPEEDS:;
#BGCHANGES:;
#LASTSECONDHINT:0;
#CMOD:0;
#LUA:;
#VOLUME:-1600;
#NOTES:
    dankaglike:
    Lunatic:
    --------------------
    start sequence data
0000000
,
A0000a0
0000000
0000000
0000000
,
0100000
0010000
,
000a000
0000000
0000000
0000000
000c000
0000000
0010000
0000100
,
0a00000
0c01000
,
C0010c0
0100000
0000100
1000000
0010000
0000010
0100000
0001000
,
0000100
0100000
0000010
0010000
1000000
0000100
0100000
0001000
,
1000010
0010000
0001000
0100000
0000100
1000000
0000010
0100000
,
0000100
0000000
0010000
0000000
0001000
0000000
0100000
0000000
0001000
0010000
0001000
0010000
0001000
0010000
0001000
0010000
,
0001000
0000000
0000000
0000000
0100100
0000000
0000000
0000000
00000A0
0000000
0000000
0000000
1000000
0000000
0001000
0000000
1000000
0100000
0010000
0001000
0000100
0000000
0000000
0000000
0100000
0000000
0000000
0000000
0100000
0000000
0000000
0000000
,
0001000
0000000
0010000
0001000
0100000
0000000
0001000
0010000
0000100
0001000
0010000
0100000
0001000
0010000
0100000
1000000
,
00100C0
0000000
0000000
0000000
0100100
0000000
0000000
0000000
A000000
0000000
0000000
0000000
0000010
0000000
0010000
0000000
0000010
0000100
0001000
0010000
0100000
0000000
0000000
0000000
0000100
0000000
0000000
0000000
0000100
0000000
0000000
0000000
,
0010000
0000000
0001000
0010000
0000100
0000000
0010000
0001000
0100000
0010000
0001000
0000100
0010000
0001000
0000100
0000010
,
C0a0000
0000010
0001000
0000100
,
00cA000
1000000
0010000
0100000
,
a00C000
0000100
0001000
0010000
0000100
0001000
0010000
0100000
,
c0000A0
0100000
0010000
0001000
0100000
0010000
0001000
0000100
,
10000C0
0000000
0000000
0000000
1000000
0000000
0000000
0000000
1000000
0000000
0000000
0000000
1000000
0000000
0000000
0000000
0000100
0000000
0001000
0000000
0010000
0000000
0100000
0000000
0000100
0001000
0010000
0100000
0000100
0001000
0010000
0100000
,
#BPMCHANGE:-220;
#MEASURECHANGE:-3/16;
0000000
,
#BPMCHANGE:-11;
#MEASURECHANGE:-1/320;
0000000
,
#BPMCHANGE:220;
#MEASURECHANGE:3/16;
0000000
,
#BPMCHANGE:11;
#MEASURECHANGE:1/320;
0000000
,
#BPMCHANGE:-220;
#MEASURECHANGE:-1/16;
0000000
,
#BPMCHANGE:-110;
#MEASURECHANGE:-1/32;
0000000
,
#BPMCHANGE:-55;
#MEASURECHANGE:-1/64;
0000000
,
#BPMCHANGE:-27.5;
#MEASURECHANGE:-1/128;
0000000
,
#BPMCHANGE:27.5;
#MEASURECHANGE:1/128;
0000000
,
#BPMCHANGE:55;
#MEASURECHANGE:1/64;
0000000
,
#BPMCHANGE:110;
#MEASURECHANGE:1/32;
0000000
,
#BPMCHANGE:220;
#MEASURECHANGE:1/16;
0000000
,
#BPMCHANGE:220;
#MEASURECHANGE:4/4;
1010100
0101100
0110100
0101010
,
0110100
0000000
0101100
0000000
1010100
0000000
0101010
0101010
,
1010100
0110100
0101100
0101010
,
A000000
0000000
C001000
0010000
0000100
0001000
0100000
0010000
0000100
0000010
0100000
1000000
0000010
0001000
0010000
1000000
,
0101010
0110100
0101100
1010100
,
0101100
0000000
0110100
0000000
0101010
0000000
1010100
1010100
,
0101010
0101100
0110100
1010100
,
0110110
0000000
0000000
0000000
1101100
0000000
0000000
0000000
1011010
0000000
0000000
0000000
0000100
0100000
0000100
0100000
,
A000010
0000000
0001000
C000000
A000100
0000000
0001000
C000000
A0000a0
0000000
0000000
C000000
00100c0
0000000
0001000
0000000
,
01000A0
0000000
1000000
00000C0
01000A0
0000000
0010000
00000C0
A000010
0000000
C001000
0000000
00100A0
0000000
10000C0
0000000
,
A001000
C000000
0A00010
0C00000
00A0100
00C0000
100A000
000C000
00100A0
00000C0
1000A00
0000C00
010A000
000C000
00A0010
00C0000
,
A000100
0000000
C001000
0000000
01000A0
0000000
00100C0
0000000
0000100
0001000
0010000
0100000
000A000
0000000
0000000
0000000
,
100C010
0000000
0A00000
0C00000
1000010
0000000
0000A00
0000C00
1000010
0000000
0A00000
0C00000
1000010
0000000
0000A00
0000C00
,
0011000
0000000
0A00000
0C00000
0011000
0000000
0000A00
0000C00
0011000
0000000
0A00000
0C00000
0011000
0000000
0000A00
0000C00
,
A000000
0010000
0000100
0010000
0000100
0010000
C0000a0
0001000
0100000
0001000
0100000
0001000
,
AA000c0
0000000
0000000
CC0aa00
0000000
0000000
0AAcc00
0000000
0000000
0CC0aa0
0000000
0000000
,
A000cc0
0001000
0001000
0001000
,
0010100
0000000
0000000
0000000
0010100
0000000
0010100
0000000
0001000
0100000
0001000
0000000
0010010
0000000
0100100
0000000
,
C000000
0001010
0010100
0101000
0010100
0101000
,
1010000
0010010
0100100
1001000
0100100
0010010
,
1000A00
0100000
0010000
0001000
,
00000a0
10100c0
00000a0
11000c0
,
0000C00
0000000
0000000
0000000
0000000
0100100
0000000
0100100
0000000
0100100
0000000
0000000
0000000
0001010
0000000
0000000
0000000
1010000
0000000
0000000
0000000
0010100
0000000
0000000
,
0101000
0000000
0000000
0000000
000Aaa0
000Ccc0
0000000
0000000
Aaa0000
Ccc0000
0000000
0000000
0Aaaa00
0Cccc00
0000000
0000000
,
A001000
0000000
0000100
C000000
0A00010
0000000
0000100
0C00000
00A1000
0000000
0000000
00C0000
1000010
0000000
0010100
0000000
,
010A000
0000000
0000000
0000000
100C010
0000000
1000000
0100000
00A0100
0000000
0000000
0000000
10C0010
0000000
0001000
0000100
,
00100A0
0000000
0100000
00000C0
1000A00
0000000
0100000
0000C00
0010000
0001000
0100000
0000100
1000000
0000010
0100000
0000100
,
00A1000
0000000
0000000
0000000
10C0010
0000000
0000010
0000100
010A000
0000000
0000000
0000000
100C010
0000000
0010000
0100000
,
A001000
0000000
0000100
C000000
0A00010
0000000
0000100
0C00000
00A1000
0000000
0000000
00C0000
1000010
0001000
0100000
0000100
,
00A0000
1000010
00Ca000
1000010
,
A00c000
0000000
0000000
C000100
0010000
0001000
0A00000
0000000
0000000
0C000a0
0000000
0000000
,
01000c0
0001000
0010000
0000A00
0000000
0000000
a000C00
0000000
0000000
c000100
0100000
0001000
,
00A0000
0000000
0000000
00Ca000
0000000
0000000
0A0c000
0000000
0000000
0C00a00
0000000
0000000
,
A000c00
0000000
0000000
0000000
0000000
0000000
0000000
0000000
0001000
0010000
0001000
0010000
0000100
0100000
0000100
0100000
,
C0000a0
0000000
0000000
0100000
0000000
0000000
0100000
0000000
,
000A000
0000000
0000000
000C000
00A0000
0000000
0000000
00C0000
0A00000
0000000
0000000
0C00000
A000000
0000000
0000000
C000000
,
0001000
0000000
1000000
0100000
0001000
0010000
0001000
0000000
,
A0000c0
0000000
0000000
0000a00
0000000
0000000
00a0000
C000000
,
0A00000
0000000
0000cA0
0000000
0C0A000
00c0000
a0000C0
0a00000
,
c0aC010
0c00000
0001000
1000000
0000010
0000000
0101000
0000000
,
00c00A0
0000000
1010000
0010100
1010000
0000000
0101000
0000000
,
00100C0
0100000
A000000
0000000
0000000
0000000
0000000
0000000
0001000
0000000
0000000
0000000
C0000a0
0000000
0000000
0000000
0010000
0000000
0000000
0000000
0000000
0000000
0000000
0000000
00A01c0
0000000
0000000
0000000
0000000
0000000
0000000
0000000
,
00Ca000
0000000
011c000
0000100
A100000
0000000
0010110
0000000
,
C000100
0010000
1000000
0010000
0000100
0001000
0100000
0001000
,
1000010
0010000
0001000
0000010
0010000
0000010
0010000
0000010
,
10A0000
0100000
0001000
00C0100
010A000
0010000
0000100
000C010
,
A110000
0000010
C001a10
1000000
11A0c00
0000100
00C11a0
0100000
,
1A100c0
0001000
0C0a110
0010000
100c000
0010000
0001000
0000010
,
0010000
0100000
A000000
0000000
0000000
0000000
0000000
0000000
0001000
0000000
0000000
0000000
0001000
0000000
0000000
0000000
0000000
0000000
0000000
0000000
0001000
0000000
0000000
0000000
0000000
0000000
0000000
0000000
0000000
0000000
0000000
0000000
,
0001000
0000100
00000a0
0000000
0000000
0000000
0000000
0000000
0100000
0000000
0000000
0000000
0000100
0000000
0000000
0000000
0010000
0000000
0001000
0000000
0010000
0000000
0001000
0000000
0010000
0000000
0000000
0000000
C0000c0
0000000
0000000
0000000
,
0100100
0000000
0100100
0000000
0000010
0000100
0001000
0010000
0000100
0001000
0010000
0100000
0001000
0010000
0100000
1000000
,
00000A0
00000C0
000A000
000C000
0000A00
0000C00
00A0000
00C0000
000A000
000C000
0A00000
0C00000
00A0000
00C0000
A000000
C000000
,
0011000
0000000
0011000
0000000
1000000
0100000
0010000
0001000
0100000
0010000
0001000
0000100
0010000
0001000
0000100
0000010
,
1000000
0000000
0001000
0000000
1000000
0000000
0000010
0000000
0010000
0000000
0000010
0000000
1000000
0000000
0001000
0000000
1000000
0000000
00Aa000
0000000
0000000
00Cc000
0000000
0000000
,
1101000
0010110
,
0100100
0000000
0000000
0011000
0011000
0011000
1000010
0000000
0000000
1100110
0000000
0000000
,
A000100
C001000
A000100
C001000
01000A0
00100C0
01000A0
00100C0
,
0A00110
0C01000
A000110
C010000
1100A00
0010C00
11000A0
00010C0
,
0010010
0100100
1001000
0100100
0010010
0100100
1001000
0100100
,
0000100
0000000
0000000
0001000
0000000
0000000
0010000
0000000
0000000
0100000
0000000
0000000
0000100
0000000
0000000
0001000
0000000
0000000
0010000
0000000
0000000
0100000
0000000
0000000
0000010
0000000
0000100
0000000
0001000
0000000
0010000
0000000
0100000
0000000
1000000
0000000
0000010
0000000
0000100
0000000
0001000
0000000
0010000
0000000
0100000
0000000
1000000
0000000
,
00000A0
,
10100C0
0000000
0000000
0000000
0000000
0000000
1010000
0000000
0000000
0000000
0000000
0000000
1010000
0000000
0000000
0000000
0000000
0000000
1010000
0000000
0000000
0000000
0000000
0000000
0001010
0000000
0000000
1010000
0000000
0000000
0001010
0000000
0000000
1010000
0000000
0000000
0000010
0000000
0000100
0000000
0001000
0000000
0010000
0000000
0100000
0000000
1000000
0000000
,
00000A0
0000000
100a0C0
0000000
010c000
0000000
0010010
0000100
010A000
0000000
1000000
0000000
0010000
0000000
100C000
0100000
,
00A1000
0000000
0000100
0000000
0000010
0000000
00C1000
0000100
00100A0
0000000
0101000
0000000
1000000
0000000
00010C0
0000000
,
A110000
0000000
0000010
0000000
0100000
0010000
0001000
0000000
0000100
0001000
0010000
0000000
C100000
0010000
000A000
0000000
,
0010000
0000000
0000010
0100000
1000000
0000000
0010100
0000000
1000000
0000000
00a0000
0000000
a0cC0a0
0000000
0000000
0000000
,
c0A00c0
0000000
a0C0010
0000000
c000100
0000000
1001000
0100000
00A0100
0000000
0000010
0000000
0001000
0000000
00C0010
0000100
,
100A000
0000000
0010000
0000000
100C000
0100000
00A0000
0000000
0000010
0000100
00Ca000
0000000
1000000
0100000
00Ac000
0000000
,
0000100
00Ca000
0010010
0100000
1000010
0100000
0010010
0100000
,
100c010
0000000
0000000
0101100
0000000
0000000
0011010
0000000
0000000
0110100
0000000
0000000
1011000
0000000
00000A0
0000000
,
0000000
0000000
0000000
0000000
00100C0
0000000
0010000
0000000
1000010
0000100
000A000
0000000
0010000
0000000
a00C000
0000000
,
0000000
0000000
0010000
0000000
0001000
0000000
0000100
0000000
c100000
0010000
0001000
0000100
A000000
00a0000
0000a00
0000000
,
0000000
0001000
0000000
0100000
0000010
0001000
0100000
0001000
,
C0c0c00
0000000
1000010
0000000
0100100
0000000
0011000
0000000
0100100
0000000
1000010
0000000
0000000
0000000
0000010
0000100
,
0001000
0010000
0100000
1000000
00000A0
0000000
0000000
0000000
0001000
0000000
1000000
0000000
0010000
0000000
0000100
0000000
,
10000C0
0100000
0010000
0001000
A000100
0000000
0000000
0000000
0011000
0000000
0011000
0000000
C000000
0000000
A0000a0
0000000
,
0000000
0000000
0000100
0001000
0010000
0100000
0010000
0001000
0000100
0001000
0010000
0100000
C0000c0
0000000
0011000
0000000
,
0000000
0100100
0000000
1000010
0000000
1000010
0100100
0011000
,
0010110
0100000
A000000
0000000
0000000
0000000
0000000
0000000
0000000
0000000
C000000
0000000
0011100
0100000
A000000
0000000
0000000
0000000
0000000
0000000
0000000
0000000
C000000
0000000
0010110
0100000
A000000
0000000
0000000
0000000
0000000
0000000
,
0001000
0000000
C000000
0000000
0010000
0100000
A000000
0000000
0000100
0000000
0000000
0000000
0000000
0000000
C000000
0000000
0010010
0100000
A000000
0000000
0000000
0000000
0000000
0000000
0000100
0000000
C000000
0000000
0010000
0100000
A000000
0000000
,
0001000
0000000
0000000
C000000
00A0100
0000000
0000000
00C0000
0A00010
0000000
0000000
0C00000
A000100
0000000
0000000
C000000
,
0111000
0000100
00000A0
0000000
0000000
0000000
0000000
0000000
0000000
0000000
00000C0
0000000
1101000
0000100
00000A0
0000000
0000000
0000000
0000000
0000000
0000000
0000000
00000C0
0000000
0111000
0000100
00000A0
0000000
0000000
0000000
0000000
0000000
,
1000000
0000000
00000C0
0000000
0001000
0000100
00000A0
0000000
0100000
0000000
0000000
0000000
0000000
0000000
00000C0
0000000
0011000
0000100
00000A0
0000000
0000000
0000000
0000000
0000000
0100000
0000000
00000C0
0000000
0001000
0000100
00000A0
0000000
,
1000000
0000000
0000000
00000C0
010A000
0000000
0000000
000C000
0010A00
0000000
0000000
0000C00
01000A0
0000000
0000000
00000C0
,
A000000
0000000
00000a0
0000000
,
0a00000
0000000
0000a00
0000000
,
00a0000
0000000
000a000
0000000
,
0000000
0000000
0000000
0000000
00cc000
0c00c00
C0000c0
0000000
,
1000000
0010000
0001000
0000010
A010000
0000010
0001000
0100000
,
C0010a0
0010000
1000000
0000100
1A000c0
0001000
0000010
0010000
,
0C00a10
1000000
0010000
0001000
01A0c00
0000010
0001000
1000000
,
00Ca100
0010000
1000000
0000010
10Ac000
0000010
0001000
0100000
,
00C0110
1100000
0001100
0110000
,
1000000
0000010
0010000
0000100
1000000
0001000
0010000
0000100
1000000
0000010
0010000
0000100
1000000
0001000
0010000
0000100
,
1000000
0001000
0100000
0000100
1000000
0000010
0100000
0000100
1000000
0001000
0100000
0000100
1000000
0000010
0100000
0000100
,
1000000
0000010
0010000
0001000
1000000
0000010
0010000
0000100
1000000
0000010
0010000
0001000
1000000
0000010
0010000
0000100
,
1000000
0001000
0100000
0000010
1000000
0001000
0100000
0000100
1000000
0001000
0100000
0000010
1000000
0001000
0100000
0000100
,
1000000
0000000
0101000
0000100
0010010
0000000
1000000
0000000
0101000
0000100
0010010
0000000
,
0000010
0000000
0010100
0100000
1001000
0000000
0000010
0000000
0010100
0100000
1001000
0000000
,
A000100
0000000
0000000
0000010
0000100
0001000
0010000
0000000
0000000
C000100
0000000
0000000
0A00010
0000100
0001000
0010000
0000000
0000000
0000100
0000000
0000000
0C00000
0000000
0000000
,
10A0100
0000000
0000000
0000000
0000000
0000000
00C0000
0000000
0001110
1110000
0001110
1110000
0001110
1110000
0001110
1110000
,
0001000
1000100
00100A0
0100000
0010000
1000000
0010000
0100000
,
a000100
0001000
0010000
0100000
0010000
0001000
0000100
0001000
0010000
0100000
0010000
0001000
0000100
0001000
0010000
0100000
,
c0100C0
0100010
A001000
0000100
0001000
0000010
0001000
0000100
,
01000a0
0010000
0001000
0000100
0001000
0010000
0100000
0010000
0001000
0000100
0001000
0010000
0100000
0010000
0001000
0000100
,
C00a0c0
0000000
001c010
0000000
010A000
0000000
100C010
0000000
01000A0
0000000
00110C0
0000100
0100010
0000000
A001000
0000000
,
0001000
0000110
0110000
0000000
01000a0
00110c0
01000a0
00110c0
,
C1000a0
0000000
00110c0
0000000
010A000
0000000
100C010
0000000
0001000
0010000
1100110
0000000
0000000
0000000
0000000
0000000
,
0101010
0000000
0000000
1010100
0000000
0000000
1111110
0000000
0000000
0000000
0000000
0000000
A1111a0
0000000
0000000
0000000
,
0000000
,
0000000
,
0000000
0000000
0000000
0000000
0000000
0000000
0000000
0000000
C0010c0
0010000
0001000
0010000
0001000
0010000
0001000
0010000
,
0000100
0100000
0000100
0100000
0000100
0100000
0000100
0100000
A001110
0000000
C010000
0000000
A001110
0000000
C100000
0000000
,
A001110
C010000
A001110
C100000
0A00a10
0001000
0010000
1000000
,
1000000
0010000
0001000
0C00c10
11100A0
00010C0
11100A0
00001C0
,
11100A0
00010C0
11100A0
00001C0
1A00a00
0010000
0001000
0000010
,
0000010
0000000
0000000
0001000
0000000
0000000
0010000
0000000
0000000
1C00c00
0000000
0000000
00000A0
0000000
0001000
0000000
0100000
0000000
0001000
0000000
0100000
0000000
0001000
0000000
,
a0000C0
0010000
0000100
0010000
0000100
0010000
c00A000
0000010
0100000
0000010
0100000
0000010
,
a00C000
0100000
0010000
0001000
0100000
0010000
0001000
0000100
c000000
0000000
0000000
0000000
1000000
0001000
1000000
0001000
,
1000000
0001000
0100000
0000100
0100000
0000100
0100000
0000100
0010000
0000010
0010000
0000010
0010000
0000010
0100000
0000100
,
0100000
0000100
0100000
0000100
1000000
0000010
1000000
0000010
0000000
0000000
0000000
0000000
Aaaaaa0
0000000
0000000
0000000
,
0000000
,
0000000
0000000
0000000
Cccccc0
;
